Area1_1.Task, Area1_1.TaskBeginning, Area1_1.TaskEnd, Area1_1StartInThisArea, Area1_1EndInThisArea, Area1_1.Worker, Area1_1.NumberOfWorkers, Area1_2.Task, Area1_2.TaskBeginning, Area1_2.TaskEnd, Area1_2StartInThisArea, Area1_2EndInThisArea, Area1_2.Worker, Area1_2.NumberOfWorkers, Area1_3.Task, Area1_3.TaskBeginning, Area1_3.TaskEnd, Area1_3StartInThisArea, Area1_3EndInThisArea, Area1_3.Worker, Area1_3.NumberOfWorkers, Area1_4.Task, Area1_4.TaskBeginning, Area1_4.TaskEnd, Area1_4StartInThisArea, Area1_4EndInThisArea, Area1_4.Worker, Area1_4.NumberOfWorkers, Area1_5.Task, Area1_5.TaskBeginning, Area1_5.TaskEnd, Area1_5StartInThisArea, Area1_5EndInThisArea, Area1_5.Worker, Area1_5.NumberOfWorkers, Area2_1.Task, Area2_1.TaskBeginning, Area2_1.TaskEnd, Area2_1StartInThisArea, Area2_1EndInThisArea, Area2_1.Worker, Area2_1.NumberOfWorkers, Area2_2.Task, Area2_2.TaskBeginning, Area2_2.TaskEnd, Area2_2StartInThisArea, Area2_2EndInThisArea, Area2_2.Worker, Area2_2.NumberOfWorkers, Area2_3.Task, Area2_3.TaskBeginning, Area2_3.TaskEnd, Area2_3StartInThisArea, Area2_3EndInThisArea, Area2_3.Worker, Area2_3.NumberOfWorkers
195, 0, 8, 0, 8, 1, 1,		14, 0, 36, 0, 36, 2, 2,		14, 0, 36, 0, 36, 3, 2,		83, 0, 45, 0, 45, 4, 1,		164, 0, 4, 0, 4, 5, 1,		10, 0, 16, 0, 16, 6, 1,		13, 0, 9, 0, 9, 7, 1,		39, 9, 20, 9, 20, 8, 2		
72, 8, 38, 8, 36, 1, 2,		72, 8, 38, 36, 38, 2, 2,		72, 8, 38, 36, 38, 3, 2,		162, 45, 63, 45, 61, 4, 1,		31, 4, 8, 4, 8, 5, 1,		111, 16, 28, 16, 28, 6, 1,		39, 9, 20, 9, 20, 7, 2,		123, 20, 30, 20, 30, 8, 2		
122, 36, 61, 36, 38, 1, 2,		122, 36, 61, 38, 61, 2, 2,		122, 36, 61, 38, 61, 3, 2,		104, 61, 96, 61, 96, 4, 2,		72, 8, 38, 8, 36, 5, 2,		153, 28, 38, 28, 30, 6, 1,		123, 20, 30, 20, 30, 7, 2,		11, 36, 39, 36, 39, 8, 2		
90, 44, 46, 44, 46, 1, 2,		104, 61, 96, 61, 96, 2, 2,		162, 45, 63, 61, 63, 3, 1,		167, 100, 102, 100, 102, 4, 1,		122, 36, 61, 36, 38, 5, 2,		11, 36, 39, 36, 39, 6, 2,		153, 28, 38, 30, 38, 7, 1,		86, 39, 44, 39, 44, 8, 1		
41, 46, 158, 46, 63, 1, 2,		18, 96, 100, 96, 100, 2, 2,		166, 72, 79, 72, 79, 3, 1,		96, 122, 149, 122, 149, 4, 1,		40, 38, 41, 38, 41, 5, 1,		88, 39, 70, 39, 70, 6, 2,		88, 39, 70, 39, 44, 7, 2,		88, 39, 70, 44, 70, 8, 2		
112, 63, 72, 63, 72, 1, 1,		73, 100, 122, 100, 106, 2, 1,		126, 79, 88, 79, 88, 3, 1,		196, 159, 187, 159, 187, 4, 4,		90, 44, 46, 44, 46, 5, 2,		9, 60, 85, 70, 85, 6, 1,		140, 44, 60, 44, 60, 7, 1,		197, 70, 88, 70, 88, 8, 2		
41, 46, 158, 72, 96, 1, 2,		128, 106, 159, 106, 159, 2, 2,		132, 88, 95, 88, 95, 3, 1,		136, 187, 215, 187, 215, 4, 4,		41, 46, 158, 46, 158, 5, 2,		59, 85, 93, 85, 88, 6, 1,		9, 60, 85, 60, 70, 7, 1,		59, 85, 93, 88, 93, 8, 1		
18, 96, 100, 96, 100, 1, 2,		196, 159, 187, 159, 187, 2, 4,		182, 96, 106, 96, 106, 3, 1,		89, 215, 288, 215, 288, 4, 4,		196, 159, 187, 159, 187, 5, 4,		165, 88, 95, 88, 95, 6, 2,		197, 70, 88, 70, 88, 7, 2,		133, 93, 106, 93, 95, 8, 1		
41, 46, 158, 100, 102, 1, 2,		145, 171, 198, 187, 198, 2, 1,		128, 106, 159, 106, 159, 3, 2,		135, 288, 320, 288, 320, 4, 4,		136, 187, 215, 187, 215, 5, 4,		61, 97, 121, 97, 121, 6, 2,		165, 88, 95, 88, 95, 7, 2,		61, 97, 121, 97, 121, 8, 2		
26, 102, 104, 102, 104, 1, 1,		179, 198, 207, 198, 207, 2, 1,		196, 159, 187, 159, 187, 3, 4,		193, 320, 351, 320, 351, 4, 4,		43, 207, 259, 215, 259, 5, 1,		139, 121, 150, 121, 150, 6, 2,		133, 93, 106, 95, 106, 7, 1,		161, 121, 137, 121, 137, 8, 1		
41, 46, 158, 104, 106, 1, 2,		43, 207, 259, 207, 215, 2, 1,		136, 187, 215, 187, 215, 3, 4,		0, 351, 397, 351, 397, 4, 2,		5, 259, 299, 259, 288, 5, 1,		34, 142, 155, 150, 155, 6, 1,		130, 106, 121, 106, 121, 7, 1,		134, 137, 142, 137, 142, 8, 1		
73, 100, 122, 106, 122, 1, 1,		89, 215, 288, 215, 288, 2, 4,		89, 215, 288, 215, 288, 3, 4,		38, 397, 429, 397, 429, 4, 4,		135, 288, 320, 288, 320, 5, 4,		109, 155, 157, 155, 157, 6, 1,		139, 121, 150, 121, 150, 7, 2,		34, 142, 155, 142, 150, 8, 1		
41, 46, 158, 122, 149, 1, 2,		135, 288, 320, 288, 320, 2, 4,		5, 259, 299, 288, 299, 3, 1,		150, 429, 433, 429, 433, 4, 1,		193, 320, 351, 320, 351, 5, 4,		76, 185, 191, 185, 191, 6, 2,		28, 150, 185, 150, 185, 7, 2,		28, 150, 185, 150, 185, 8, 2		
100, 149, 171, 149, 158, 1, 1,		193, 320, 351, 320, 351, 2, 4,		149, 299, 307, 299, 307, 3, 1,		84, 433, 438, 433, 438, 4, 1,		0, 351, 397, 351, 397, 5, 2,		91, 191, 217, 191, 217, 6, 2,		102, 217, 223, 217, 223, 7, 2,		76, 185, 191, 185, 191, 8, 2		
100, 149, 171, 159, 171, 1, 1,		125, 339, 363, 351, 363, 2, 1,		176, 307, 319, 307, 319, 3, 1,		47, 441, 461, 441, 461, 4, 2,		38, 397, 429, 397, 429, 5, 4,		102, 217, 223, 217, 223, 6, 2,		178, 223, 248, 223, 248, 7, 2,		91, 191, 217, 191, 217, 8, 2		
145, 171, 198, 171, 187, 1, 1,		24, 363, 369, 363, 369, 2, 1,		193, 320, 351, 320, 351, 3, 4,		95, 461, 586, 461, 586, 4, 2,		99, 429, 441, 429, 441, 5, 4,		42, 217, 227, 223, 227, 6, 1,		174, 248, 273, 248, 273, 7, 2,		42, 217, 227, 217, 223, 8, 1		
136, 187, 215, 187, 215, 1, 4,		71, 371, 385, 371, 384, 2, 1,		23, 351, 384, 351, 384, 3, 2,		170, 585, 613, 586, 613, 4, 2,		171, 441, 474, 441, 474, 5, 2,		174, 248, 273, 248, 273, 6, 2,		25, 273, 283, 273, 283, 7, 1,		178, 223, 248, 223, 248, 8, 2		
89, 215, 288, 215, 288, 1, 4,		44, 384, 395, 384, 395, 2, 2,		29, 385, 393, 385, 393, 3, 1,		191, 607, 615, 613, 615, 4, 1,		172, 474, 499, 474, 499, 5, 2,		180, 273, 285, 273, 285, 6, 2,		53, 309, 317, 309, 317, 7, 1,		180, 273, 285, 273, 285, 8, 2		
135, 288, 320, 288, 320, 1, 4,		30, 393, 397, 395, 397, 2, 1,		30, 393, 397, 393, 395, 3, 1,		159, 615, 617, 615, 617, 4, 1,		21, 532, 557, 532, 557, 5, 2,		51, 285, 309, 285, 309, 6, 2,		16, 309, 330, 317, 330, 7, 2,		51, 285, 309, 285, 309, 8, 2		
186, 319, 339, 320, 339, 1, 1,		38, 397, 429, 397, 429, 2, 4,		38, 397, 429, 397, 429, 3, 4,		12, 623, 627, 623, 627, 4, 1,		117, 557, 585, 557, 585, 5, 2,		16, 309, 330, 309, 330, 6, 2,		105, 330, 402, 330, 402, 7, 1,		16, 309, 330, 309, 317, 8, 2		
125, 339, 363, 339, 351, 1, 1,		99, 429, 441, 429, 441, 2, 4,		99, 429, 441, 429, 441, 3, 4,		20, 627, 633, 627, 633, 4, 1,		144, 586, 726, 586, 726, 5, 2,		115, 330, 334, 330, 334, 6, 2,		151, 402, 422, 402, 422, 7, 2,		74, 317, 325, 317, 325, 8, 1		
23, 351, 384, 351, 384, 1, 2,		47, 441, 461, 441, 461, 2, 2,		171, 441, 474, 441, 474, 3, 2,		169, 633, 661, 633, 640, 4, 1,		108, 726, 735, 726, 735, 5, 4,		173, 334, 358, 334, 358, 6, 2,		27, 422, 440, 422, 440, 7, 2,		115, 330, 334, 330, 334, 8, 2		
44, 384, 395, 384, 395, 1, 2,		95, 461, 586, 461, 474, 2, 2,		95, 461, 586, 474, 586, 3, 2,		75, 640, 646, 640, 646, 4, 2,		92, 735, 753, 735, 753, 5, 2,		137, 358, 394, 358, 394, 6, 1,		58, 501, 503, 501, 503, 7, 2,		173, 334, 358, 334, 358, 8, 2		
127, 397, 401, 397, 401, 1, 1,		172, 474, 499, 474, 499, 2, 2,		170, 585, 613, 586, 613, 3, 2,		143, 646, 671, 646, 671, 4, 2,		103, 753, 757, 753, 757, 5, 1,		194, 394, 402, 394, 402, 6, 2,		131, 501, 507, 503, 505, 7, 1,		68, 358, 364, 358, 364, 8, 1		
63, 401, 405, 401, 405, 1, 1,		199, 499, 510, 499, 510, 2, 2,		60, 613, 623, 613, 623, 3, 2,		2, 671, 677, 671, 677, 4, 2,		82, 756, 766, 757, 766, 5, 1,		1, 402, 414, 402, 414, 6, 1,		201, 514, 525, 514, 525, 7, 2,		69, 364, 380, 364, 380, 8, 1		
113, 405, 429, 405, 429, 1, 1,		202, 510, 532, 510, 532, 2, 2,		138, 623, 640, 623, 640, 3, 2,		119, 677, 690, 677, 690, 4, 2,		141, 766, 775, 766, 773, 5, 1,		151, 402, 422, 414, 422, 6, 2,		190, 530, 546, 530, 546, 7, 2,		194, 394, 402, 394, 402, 8, 2		
99, 429, 441, 429, 441, 1, 4,		21, 532, 557, 532, 557, 2, 2,		169, 633, 661, 640, 661, 3, 1,		120, 690, 694, 690, 694, 4, 2,		154, 773, 777, 773, 777, 5, 2,		27, 422, 440, 422, 440, 6, 2,		22, 546, 554, 546, 554, 7, 2,		151, 402, 422, 402, 414, 8, 2		
93, 441, 451, 441, 451, 1, 1,		117, 557, 585, 557, 585, 2, 2,		158, 661, 665, 661, 665, 3, 1,		142, 694, 712, 694, 712, 4, 2,		157, 777, 782, 777, 782, 5, 2,		116, 440, 501, 440, 501, 6, 2,		17, 554, 560, 554, 560, 7, 2,		177, 414, 422, 414, 422, 8, 1		
45, 451, 491, 451, 491, 1, 1,		50, 572, 588, 586, 588, 2, 1,		2, 671, 677, 671, 677, 3, 2,		203, 712, 723, 712, 723, 4, 2,		152, 782, 785, 782, 785, 5, 2,		58, 501, 503, 501, 503, 6, 2,		62, 560, 564, 560, 564, 7, 1,		116, 440, 501, 440, 501, 8, 2		
185, 491, 571, 491, 571, 1, 1,		7, 588, 600, 588, 600, 2, 1,		119, 677, 690, 677, 690, 3, 2,		108, 726, 735, 726, 735, 4, 4,		77, 777, 789, 785, 787, 5, 1,		35, 503, 505, 503, 505, 6, 1,		49, 582, 602, 582, 602, 7, 1,		131, 501, 507, 501, 503, 8, 1		
50, 572, 588, 572, 585, 1, 1,		129, 600, 607, 600, 607, 2, 1,		168, 677, 692, 690, 692, 3, 1,		94, 735, 765, 735, 765, 4, 2,		66, 787, 791, 787, 789, 5, 1,		131, 501, 507, 505, 507, 6, 1,		200, 602, 616, 602, 616, 7, 1,		78, 510, 514, 510, 514, 8, 2		
144, 586, 726, 586, 726, 1, 2,		191, 607, 615, 607, 613, 2, 1,		65, 692, 696, 692, 696, 3, 1,		4, 765, 768, 765, 768, 4, 2,		15, 789, 792, 789, 792, 5, 2,		78, 510, 514, 510, 514, 6, 2,		146, 616, 630, 616, 630, 7, 1,		8, 514, 530, 514, 530, 8, 1		
198, 726, 756, 726, 735, 1, 1,		60, 613, 623, 613, 623, 2, 2,		181, 696, 720, 696, 712, 3, 1,		81, 768, 773, 768, 773, 4, 2,		187, 792, 803, 793, 796, 5, 2,		201, 514, 525, 514, 525, 6, 2,		97, 630, 644, 630, 644, 7, 2,		190, 530, 546, 530, 546, 8, 2		
92, 735, 753, 735, 753, 1, 2,		138, 623, 640, 623, 640, 2, 2,		203, 712, 723, 712, 723, 3, 2,		154, 773, 777, 773, 777, 4, 2,		37, 796, 800, 796, 799, 5, 2,		46, 525, 527, 525, 527, 6, 1,		148, 644, 650, 644, 650, 7, 2,		55, 546, 554, 546, 554, 8, 1		
183, 753, 757, 753, 756, 1, 1,		75, 640, 646, 640, 646, 2, 2,		85, 723, 725, 723, 726, 3, 2,		157, 777, 782, 777, 782, 4, 2,		187, 792, 803, 799, 803, 5, 2,		121, 527, 529, 527, 529, 6, 1,		6, 650, 656, 650, 656, 7, 2,		17, 554, 560, 554, 560, 8, 2		
82, 756, 766, 756, 760, 1, 1,		143, 646, 671, 646, 671, 2, 2,		108, 726, 735, 726, 735, 3, 4,		152, 782, 785, 782, 785, 4, 2,		101, 806, 815, 806, 815, 5, 4,		70, 529, 539, 529, 539, 6, 1,		110, 666, 680, 666, 680, 7, 2,		67, 560, 564, 560, 564, 8, 1		
106, 760, 792, 760, 792, 1, 1,		168, 677, 692, 677, 690, 2, 1,		198, 726, 756, 735, 756, 3, 1,		175, 785, 787, 785, 787, 4, 2,		0, 0, 0, 0, 0, 0, 0,			22, 546, 554, 546, 554, 6, 2,		33, 680, 700, 680, 700, 7, 2,		98, 568, 582, 568, 582, 8, 1		
79, 787, 797, 792, 797, 1, 1,		120, 690, 694, 690, 694, 2, 2,		94, 735, 765, 756, 765, 3, 2,		77, 777, 789, 787, 789, 4, 1,		0, 0, 0, 0, 0, 0, 0,			48, 554, 568, 554, 568, 6, 1,		107, 700, 724, 700, 724, 7, 2,		97, 630, 644, 630, 644, 8, 2		
19, 800, 802, 800, 802, 1, 2,		142, 694, 712, 694, 712, 2, 2,		4, 765, 768, 765, 768, 3, 2,		15, 789, 792, 789, 792, 4, 2,		0, 0, 0, 0, 0, 0, 0,			148, 644, 650, 644, 650, 6, 2,		87, 724, 736, 724, 736, 7, 2,		54, 656, 666, 656, 666, 8, 2		
101, 806, 815, 806, 809, 1, 4,		181, 696, 720, 712, 720, 2, 1,		81, 768, 773, 768, 773, 3, 2,		52, 793, 796, 793, 796, 4, 2,		0, 0, 0, 0, 0, 0, 0,			6, 650, 656, 650, 656, 6, 2,		160, 742, 754, 742, 754, 7, 2,		33, 680, 700, 680, 700, 8, 2		
36, 809, 811, 809, 811, 1, 1,		156, 720, 724, 720, 723, 2, 1,		141, 766, 775, 773, 775, 3, 1,		187, 792, 803, 796, 799, 4, 2,		0, 0, 0, 0, 0, 0, 0,			54, 656, 666, 656, 666, 6, 2,		80, 768, 776, 768, 776, 7, 2,		32, 724, 726, 724, 726, 8, 1		
155, 811, 813, 811, 813, 1, 1,		85, 723, 725, 723, 725, 2, 2,		66, 787, 791, 789, 791, 3, 1,		56, 799, 803, 799, 803, 4, 1,		0, 0, 0, 0, 0, 0, 0,			110, 666, 680, 666, 680, 6, 2,		188, 776, 780, 776, 780, 7, 1,		118, 726, 768, 726, 768, 8, 1		
0, 0, 0, 0, 0, 0, 0,			108, 726, 735, 726, 735, 2, 4,		187, 792, 803, 793, 796, 3, 2,		114, 803, 806, 804, 806, 4, 2,		0, 0, 0, 0, 0, 0, 0,			107, 700, 724, 700, 724, 6, 2,		0, 0, 0, 0, 0, 0, 0,			80, 768, 776, 768, 776, 8, 2		
0, 0, 0, 0, 0, 0, 0,			94, 735, 765, 735, 756, 2, 2,		37, 796, 800, 796, 800, 3, 2,		163, 806, 809, 806, 809, 4, 1,		0, 0, 0, 0, 0, 0, 0,			87, 724, 736, 724, 736, 6, 2,		0, 0, 0, 0, 0, 0, 0,			0, 0, 0, 0, 0, 0, 0			
0, 0, 0, 0, 0, 0, 0,			192, 757, 759, 757, 759, 2, 1,		19, 800, 802, 800, 802, 3, 2,		101, 806, 815, 809, 815, 4, 4,		0, 0, 0, 0, 0, 0, 0,			57, 736, 742, 736, 742, 6, 1,		0, 0, 0, 0, 0, 0, 0,			0, 0, 0, 0, 0, 0, 0			
0, 0, 0, 0, 0, 0, 0,			77, 777, 789, 777, 785, 2, 1,		3, 803, 805, 803, 805, 3, 2,		0, 0, 0, 0, 0, 0, 0,			0, 0, 0, 0, 0, 0, 0,			160, 742, 754, 742, 754, 6, 2,		0, 0, 0, 0, 0, 0, 0,			0, 0, 0, 0, 0, 0, 0			
0, 0, 0, 0, 0, 0, 0,			175, 785, 787, 785, 787, 2, 2,		101, 806, 815, 806, 815, 3, 4,		0, 0, 0, 0, 0, 0, 0,			0, 0, 0, 0, 0, 0, 0,			0, 0, 0, 0, 0, 0, 0,			0, 0, 0, 0, 0, 0, 0,			0, 0, 0, 0, 0, 0, 0			
0, 0, 0, 0, 0, 0, 0,			79, 787, 797, 787, 792, 2, 1,		0, 0, 0, 0, 0, 0, 0,			0, 0, 0, 0, 0, 0, 0,			0, 0, 0, 0, 0, 0, 0,			0, 0, 0, 0, 0, 0, 0,			0, 0, 0, 0, 0, 0, 0,			0, 0, 0, 0, 0, 0, 0			
0, 0, 0, 0, 0, 0, 0,			52, 793, 796, 793, 796, 2, 2,		0, 0, 0, 0, 0, 0, 0,			0, 0, 0, 0, 0, 0, 0,			0, 0, 0, 0, 0, 0, 0,			0, 0, 0, 0, 0, 0, 0,			0, 0, 0, 0, 0, 0, 0,			0, 0, 0, 0, 0, 0, 0			
0, 0, 0, 0, 0, 0, 0,			187, 792, 803, 796, 803, 2, 2,		0, 0, 0, 0, 0, 0, 0,			0, 0, 0, 0, 0, 0, 0,			0, 0, 0, 0, 0, 0, 0,			0, 0, 0, 0, 0, 0, 0,			0, 0, 0, 0, 0, 0, 0,			0, 0, 0, 0, 0, 0, 0			
0, 0, 0, 0, 0, 0, 0,			114, 803, 806, 803, 806, 2, 2,		0, 0, 0, 0, 0, 0, 0,			0, 0, 0, 0, 0, 0, 0,			0, 0, 0, 0, 0, 0, 0,			0, 0, 0, 0, 0, 0, 0,			0, 0, 0, 0, 0, 0, 0,			0, 0, 0, 0, 0, 0, 0			
0, 0, 0, 0, 0, 0, 0,			101, 806, 815, 806, 815, 2, 4,		0, 0, 0, 0, 0, 0, 0,			0, 0, 0, 0, 0, 0, 0,			0, 0, 0, 0, 0, 0, 0,			0, 0, 0, 0, 0, 0, 0,			0, 0, 0, 0, 0, 0, 0,			0, 0, 0, 0, 0, 0, 0			
0, 0, 0, 0, 0, 0, 0,			0, 0, 0, 0, 0, 0, 0,			0, 0, 0, 0, 0, 0, 0,			0, 0, 0, 0, 0, 0, 0,			0, 0, 0, 0, 0, 0, 0,			0, 0, 0, 0, 0, 0, 0,			0, 0, 0, 0, 0, 0, 0,			0, 0, 0, 0, 0, 0, 0			
0, 0, 0, 0, 0, 0, 0,			0, 0, 0, 0, 0, 0, 0,			0, 0, 0, 0, 0, 0, 0,			0, 0, 0, 0, 0, 0, 0,			0, 0, 0, 0, 0, 0, 0,			0, 0, 0, 0, 0, 0, 0,			0, 0, 0, 0, 0, 0, 0,			0, 0, 0, 0, 0, 0, 0			
0, 0, 0, 0, 0, 0, 0,			0, 0, 0, 0, 0, 0, 0,			0, 0, 0, 0, 0, 0, 0,			0, 0, 0, 0, 0, 0, 0,			0, 0, 0, 0, 0, 0, 0,			0, 0, 0, 0, 0, 0, 0,			0, 0, 0, 0, 0, 0, 0,			0, 0, 0, 0, 0, 0, 0			
0, 0, 0, 0, 0, 0, 0,			0, 0, 0, 0, 0, 0, 0,			0, 0, 0, 0, 0, 0, 0,			0, 0, 0, 0, 0, 0, 0,			0, 0, 0, 0, 0, 0, 0,			0, 0, 0, 0, 0, 0, 0,			0, 0, 0, 0, 0, 0, 0,			0, 0, 0, 0, 0, 0, 0			
0, 0, 0, 0, 0, 0, 0,			0, 0, 0, 0, 0, 0, 0,			0, 0, 0, 0, 0, 0, 0,			0, 0, 0, 0, 0, 0, 0,			0, 0, 0, 0, 0, 0, 0,			0, 0, 0, 0, 0, 0, 0,			0, 0, 0, 0, 0, 0, 0,			0, 0, 0, 0, 0, 0, 0			
0, 0, 0, 0, 0, 0, 0,			0, 0, 0, 0, 0, 0, 0,			0, 0, 0, 0, 0, 0, 0,			0, 0, 0, 0, 0, 0, 0,			0, 0, 0, 0, 0, 0, 0,			0, 0, 0, 0, 0, 0, 0,			0, 0, 0, 0, 0, 0, 0,			0, 0, 0, 0, 0, 0, 0			
0, 0, 0, 0, 0, 0, 0,			0, 0, 0, 0, 0, 0, 0,			0, 0, 0, 0, 0, 0, 0,			0, 0, 0, 0, 0, 0, 0,			0, 0, 0, 0, 0, 0, 0,			0, 0, 0, 0, 0, 0, 0,			0, 0, 0, 0, 0, 0, 0,			0, 0, 0, 0, 0, 0, 0			
0, 0, 0, 0, 0, 0, 0,			0, 0, 0, 0, 0, 0, 0,			0, 0, 0, 0, 0, 0, 0,			0, 0, 0, 0, 0, 0, 0,			0, 0, 0, 0, 0, 0, 0,			0, 0, 0, 0, 0, 0, 0,			0, 0, 0, 0, 0, 0, 0,			0, 0, 0, 0, 0, 0, 0			
0, 0, 0, 0, 0, 0, 0,			0, 0, 0, 0, 0, 0, 0,			0, 0, 0, 0, 0, 0, 0,			0, 0, 0, 0, 0, 0, 0,			0, 0, 0, 0, 0, 0, 0,			0, 0, 0, 0, 0, 0, 0,			0, 0, 0, 0, 0, 0, 0,			0, 0, 0, 0, 0, 0, 0			
0, 0, 0, 0, 0, 0, 0,			0, 0, 0, 0, 0, 0, 0,			0, 0, 0, 0, 0, 0, 0,			0, 0, 0, 0, 0, 0, 0,			0, 0, 0, 0, 0, 0, 0,			0, 0, 0, 0, 0, 0, 0,			0, 0, 0, 0, 0, 0, 0,			0, 0, 0, 0, 0, 0, 0			
0, 0, 0, 0, 0, 0, 0,			0, 0, 0, 0, 0, 0, 0,			0, 0, 0, 0, 0, 0, 0,			0, 0, 0, 0, 0, 0, 0,			0, 0, 0, 0, 0, 0, 0,			0, 0, 0, 0, 0, 0, 0,			0, 0, 0, 0, 0, 0, 0,			0, 0, 0, 0, 0, 0, 0			
0, 0, 0, 0, 0, 0, 0,			0, 0, 0, 0, 0, 0, 0,			0, 0, 0, 0, 0, 0, 0,			0, 0, 0, 0, 0, 0, 0,			0, 0, 0, 0, 0, 0, 0,			0, 0, 0, 0, 0, 0, 0,			0, 0, 0, 0, 0, 0, 0,			0, 0, 0, 0, 0, 0, 0			
0, 0, 0, 0, 0, 0, 0,			0, 0, 0, 0, 0, 0, 0,			0, 0, 0, 0, 0, 0, 0,			0, 0, 0, 0, 0, 0, 0,			0, 0, 0, 0, 0, 0, 0,			0, 0, 0, 0, 0, 0, 0,			0, 0, 0, 0, 0, 0, 0,			0, 0, 0, 0, 0, 0, 0			
0, 0, 0, 0, 0, 0, 0,			0, 0, 0, 0, 0, 0, 0,			0, 0, 0, 0, 0, 0, 0,			0, 0, 0, 0, 0, 0, 0,			0, 0, 0, 0, 0, 0, 0,			0, 0, 0, 0, 0, 0, 0,			0, 0, 0, 0, 0, 0, 0,			0, 0, 0, 0, 0, 0, 0			
0, 0, 0, 0, 0, 0, 0,			0, 0, 0, 0, 0, 0, 0,			0, 0, 0, 0, 0, 0, 0,			0, 0, 0, 0, 0, 0, 0,			0, 0, 0, 0, 0, 0, 0,			0, 0, 0, 0, 0, 0, 0,			0, 0, 0, 0, 0, 0, 0,			0, 0, 0, 0, 0, 0, 0			
0, 0, 0, 0, 0, 0, 0,			0, 0, 0, 0, 0, 0, 0,			0, 0, 0, 0, 0, 0, 0,			0, 0, 0, 0, 0, 0, 0,			0, 0, 0, 0, 0, 0, 0,			0, 0, 0, 0, 0, 0, 0,			0, 0, 0, 0, 0, 0, 0,			0, 0, 0, 0, 0, 0, 0			
0, 0, 0, 0, 0, 0, 0,			0, 0, 0, 0, 0, 0, 0,			0, 0, 0, 0, 0, 0, 0,			0, 0, 0, 0, 0, 0, 0,			0, 0, 0, 0, 0, 0, 0,			0, 0, 0, 0, 0, 0, 0,			0, 0, 0, 0, 0, 0, 0,			0, 0, 0, 0, 0, 0, 0			
0, 0, 0, 0, 0, 0, 0,			0, 0, 0, 0, 0, 0, 0,			0, 0, 0, 0, 0, 0, 0,			0, 0, 0, 0, 0, 0, 0,			0, 0, 0, 0, 0, 0, 0,			0, 0, 0, 0, 0, 0, 0,			0, 0, 0, 0, 0, 0, 0,			0, 0, 0, 0, 0, 0, 0			
