Area1_1.Task, Area1_1.TaskBeginning, Area1_1.TaskEnd, Area1_1StartInThisArea, Area1_1EndInThisArea, Area1_1.Worker, Area1_1.NumberOfWorkers, Area1_2.Task, Area1_2.TaskBeginning, Area1_2.TaskEnd, Area1_2StartInThisArea, Area1_2EndInThisArea, Area1_2.Worker, Area1_2.NumberOfWorkers, Area1_3.Task, Area1_3.TaskBeginning, Area1_3.TaskEnd, Area1_3StartInThisArea, Area1_3EndInThisArea, Area1_3.Worker, Area1_3.NumberOfWorkers, Area1_4.Task, Area1_4.TaskBeginning, Area1_4.TaskEnd, Area1_4StartInThisArea, Area1_4EndInThisArea, Area1_4.Worker, Area1_4.NumberOfWorkers, Area1_5.Task, Area1_5.TaskBeginning, Area1_5.TaskEnd, Area1_5StartInThisArea, Area1_5EndInThisArea, Area1_5.Worker, Area1_5.NumberOfWorkers, Area2_1.Task, Area2_1.TaskBeginning, Area2_1.TaskEnd, Area2_1StartInThisArea, Area2_1EndInThisArea, Area2_1.Worker, Area2_1.NumberOfWorkers, Area2_2.Task, Area2_2.TaskBeginning, Area2_2.TaskEnd, Area2_2StartInThisArea, Area2_2EndInThisArea, Area2_2.Worker, Area2_2.NumberOfWorkers, Area2_3.Task, Area2_3.TaskBeginning, Area2_3.TaskEnd, Area2_3StartInThisArea, Area2_3EndInThisArea, Area2_3.Worker, Area2_3.NumberOfWorkers
14, 0, 36, 0, 36, 1, 2,		14, 0, 36, 0, 36, 2, 2,		72, 0, 30, 0, 30, 3, 2,		72, 0, 30, 0, 30, 4, 2,		43, 0, 52, 0, 52, 5, 1,		13, 0, 9, 0, 9, 6, 1,		140, 0, 16, 0, 16, 7, 1,		153, 0, 10, 0, 10, 8, 1		
122, 36, 61, 36, 61, 1, 2,		122, 36, 61, 36, 61, 2, 2,		104, 30, 65, 30, 65, 3, 2,		104, 30, 65, 30, 65, 4, 2,		83, 52, 97, 52, 86, 5, 1,		10, 9, 25, 9, 16, 6, 1,		10, 9, 25, 16, 25, 7, 1,		10, 9, 25, 10, 16, 8, 1		
164, 61, 65, 61, 65, 1, 1,		162, 61, 79, 61, 79, 2, 1,		182, 65, 75, 65, 75, 3, 1,		112, 65, 74, 65, 74, 4, 1,		90, 86, 88, 86, 88, 5, 2,		197, 16, 34, 16, 34, 6, 2,		133, 25, 38, 25, 34, 7, 1,		197, 16, 34, 16, 34, 8, 2		
195, 65, 73, 65, 73, 1, 1,		18, 81, 85, 81, 85, 2, 2,		128, 75, 128, 79, 81, 3, 2,		128, 75, 128, 75, 128, 4, 2,		83, 52, 97, 88, 97, 5, 1,		165, 34, 41, 34, 41, 6, 2,		165, 34, 41, 34, 41, 7, 2,		133, 25, 38, 34, 38, 8, 1		
128, 75, 128, 75, 79, 1, 2,		128, 75, 128, 86, 88, 2, 2,		18, 81, 85, 81, 85, 3, 2,		5, 97, 137, 128, 137, 4, 1,		41, 88, 200, 97, 200, 5, 2,		111, 38, 50, 41, 43, 6, 1,		61, 43, 67, 43, 67, 7, 2,		111, 38, 50, 38, 41, 8, 1		
166, 74, 81, 79, 81, 1, 1,		41, 88, 200, 88, 97, 2, 2,		90, 86, 88, 86, 88, 3, 2,		100, 159, 181, 159, 174, 4, 1,		186, 191, 211, 200, 211, 5, 1,		61, 43, 67, 43, 67, 6, 2,		39, 67, 78, 67, 78, 7, 2,		111, 38, 50, 43, 50, 8, 1		
128, 75, 128, 81, 86, 1, 2,		5, 97, 137, 97, 128, 2, 1,		41, 88, 200, 88, 128, 3, 2,		179, 183, 192, 183, 191, 4, 1,		113, 211, 235, 211, 228, 5, 1,		59, 66, 74, 67, 74, 6, 1,		123, 81, 91, 81, 91, 7, 2,		161, 50, 66, 50, 66, 8, 1		
83, 52, 97, 86, 88, 1, 1,		0, 128, 174, 128, 174, 2, 2,		0, 128, 174, 128, 174, 3, 2,		196, 200, 228, 200, 228, 4, 4,		136, 228, 256, 228, 256, 5, 4,		11, 78, 81, 78, 81, 6, 2,		9, 86, 111, 91, 111, 7, 1,		39, 67, 78, 67, 78, 8, 2		
128, 75, 128, 88, 128, 1, 2,		100, 159, 181, 174, 181, 2, 1,		138, 174, 191, 174, 191, 3, 2,		136, 228, 256, 228, 256, 4, 4,		47, 256, 276, 256, 276, 5, 2,		123, 81, 91, 81, 86, 6, 2,		130, 111, 126, 111, 120, 7, 1,		11, 78, 81, 78, 81, 8, 2		
41, 88, 200, 128, 137, 1, 2,		138, 174, 191, 181, 191, 2, 2,		186, 191, 211, 192, 200, 3, 1,		23, 256, 289, 256, 289, 4, 2,		44, 261, 283, 276, 283, 5, 1,		9, 86, 111, 86, 91, 6, 1,		28, 120, 155, 120, 155, 7, 2,		86, 81, 86, 81, 86, 8, 1		
73, 137, 159, 137, 159, 1, 1,		127, 191, 195, 192, 195, 2, 1,		196, 200, 228, 200, 228, 3, 4,		89, 289, 362, 289, 362, 4, 4,		2, 282, 288, 283, 288, 5, 2,		139, 91, 120, 91, 120, 6, 2,		174, 180, 205, 180, 205, 7, 2,		123, 81, 91, 86, 91, 8, 2		
41, 88, 200, 159, 174, 1, 2,		63, 195, 199, 195, 199, 2, 1,		136, 228, 256, 228, 256, 3, 4,		135, 362, 394, 362, 394, 4, 4,		89, 289, 362, 289, 362, 5, 4,		130, 111, 126, 120, 126, 6, 1,		25, 205, 215, 205, 211, 7, 1,		139, 91, 120, 91, 120, 8, 2		
138, 174, 191, 174, 181, 1, 2,		196, 200, 228, 200, 228, 2, 4,		23, 256, 289, 256, 289, 3, 2,		60, 394, 404, 394, 404, 4, 2,		181, 351, 375, 362, 375, 5, 1,		34, 126, 139, 126, 139, 6, 1,		102, 211, 217, 211, 217, 7, 2,		28, 120, 155, 120, 155, 8, 2		
167, 181, 183, 181, 183, 1, 1,		136, 228, 256, 228, 256, 2, 4,		199, 283, 305, 289, 305, 3, 1,		92, 404, 422, 404, 422, 4, 2,		96, 375, 402, 375, 394, 5, 1,		109, 139, 141, 139, 141, 6, 1,		51, 229, 253, 229, 253, 7, 2,		178, 155, 180, 155, 180, 8, 2		
41, 88, 200, 183, 191, 1, 2,		47, 256, 276, 256, 276, 2, 2,		125, 305, 329, 305, 329, 3, 1,		154, 422, 426, 422, 426, 4, 2,		171, 394, 427, 394, 427, 5, 2,		178, 155, 180, 155, 180, 6, 2,		91, 253, 279, 253, 279, 7, 2,		76, 205, 211, 205, 211, 8, 2		
149, 192, 200, 192, 199, 1, 1,		75, 276, 282, 276, 282, 2, 2,		24, 329, 335, 329, 335, 3, 1,		193, 427, 458, 427, 458, 4, 4,		169, 414, 442, 427, 442, 5, 1,		174, 180, 205, 180, 205, 6, 2,		42, 279, 289, 279, 289, 7, 1,		102, 211, 217, 211, 217, 8, 2		
196, 200, 228, 200, 228, 1, 4,		199, 283, 305, 283, 289, 2, 1,		71, 337, 351, 337, 351, 3, 1,		38, 458, 490, 458, 490, 4, 4,		145, 442, 469, 442, 458, 5, 1,		76, 205, 211, 205, 211, 6, 2,		115, 300, 304, 300, 304, 7, 2,		180, 217, 229, 217, 229, 8, 2		
113, 211, 235, 228, 235, 1, 1,		89, 289, 362, 289, 362, 2, 4,		181, 351, 375, 351, 362, 3, 1,		99, 490, 502, 490, 502, 4, 4,		38, 458, 490, 458, 490, 5, 4,		25, 205, 215, 211, 215, 6, 1,		78, 305, 309, 305, 309, 7, 2,		91, 253, 279, 253, 279, 8, 2		
26, 235, 237, 235, 237, 1, 1,		135, 362, 394, 362, 394, 2, 4,		135, 362, 394, 362, 394, 3, 4,		95, 502, 627, 502, 627, 4, 2,		99, 490, 502, 490, 502, 5, 4,		180, 217, 229, 217, 229, 6, 2,		105, 300, 372, 309, 333, 7, 1,		16, 279, 300, 279, 300, 8, 2		
176, 237, 249, 237, 249, 1, 1,		60, 394, 404, 394, 404, 2, 2,		171, 394, 427, 394, 427, 3, 2,		170, 611, 639, 627, 639, 4, 2,		172, 502, 527, 502, 527, 5, 2,		51, 229, 253, 229, 253, 6, 2,		68, 333, 339, 333, 339, 7, 1,		105, 300, 372, 300, 304, 8, 1		
40, 249, 252, 249, 252, 1, 1,		92, 404, 422, 404, 422, 2, 2,		193, 427, 458, 427, 458, 3, 4,		120, 639, 643, 639, 643, 4, 2,		21, 527, 552, 527, 552, 5, 2,		53, 253, 261, 253, 261, 6, 1,		27, 339, 357, 339, 357, 7, 2,		78, 305, 309, 305, 309, 8, 2		
31, 252, 256, 252, 256, 1, 1,		169, 414, 442, 422, 427, 2, 1,		38, 458, 490, 458, 490, 3, 4,		143, 643, 668, 643, 668, 4, 2,		117, 552, 580, 552, 580, 5, 2,		74, 261, 269, 261, 269, 6, 1,		116, 357, 418, 357, 418, 7, 2,		173, 309, 333, 309, 333, 8, 2		
150, 256, 260, 256, 260, 1, 1,		193, 427, 458, 427, 458, 2, 4,		99, 490, 502, 490, 502, 3, 4,		191, 668, 676, 668, 676, 4, 1,		142, 580, 598, 580, 598, 5, 2,		16, 279, 300, 279, 300, 6, 2,		131, 418, 424, 418, 424, 7, 1,		105, 300, 372, 339, 357, 8, 1		
44, 261, 283, 261, 276, 1, 1,		145, 442, 469, 458, 469, 2, 1,		95, 502, 627, 502, 627, 3, 2,		156, 676, 680, 676, 680, 4, 1,		119, 598, 611, 598, 611, 5, 2,		115, 300, 304, 300, 304, 6, 2,		177, 424, 432, 424, 432, 7, 1,		116, 357, 418, 357, 418, 8, 2		
75, 276, 282, 276, 282, 1, 2,		29, 469, 477, 469, 477, 2, 1,		170, 611, 639, 627, 632, 3, 2,		65, 678, 682, 680, 682, 4, 1,		170, 611, 639, 611, 627, 5, 2,		105, 300, 372, 304, 309, 6, 1,		58, 434, 436, 434, 436, 7, 2,		190, 418, 434, 418, 434, 8, 2		
2, 282, 288, 282, 288, 1, 2,		30, 477, 481, 477, 481, 2, 1,		108, 632, 668, 632, 668, 3, 1,		168, 680, 695, 682, 695, 4, 1,		144, 627, 767, 627, 767, 5, 2,		173, 309, 333, 309, 333, 6, 2,		88, 436, 467, 436, 456, 7, 2,		58, 434, 436, 434, 436, 8, 2		
89, 289, 362, 289, 362, 1, 4,		126, 481, 490, 481, 490, 2, 1,		94, 668, 728, 668, 678, 3, 1,		203, 695, 706, 695, 706, 4, 2,		157, 767, 777, 769, 771, 5, 1,		105, 300, 372, 333, 339, 6, 1,		98, 456, 470, 456, 470, 7, 1,		88, 436, 467, 436, 467, 8, 2		
135, 362, 394, 362, 394, 1, 4,		99, 490, 502, 490, 502, 2, 4,		65, 678, 682, 678, 680, 3, 1,		85, 706, 708, 706, 708, 4, 2,		132, 771, 778, 771, 777, 5, 1,		27, 339, 357, 339, 357, 6, 2,		151, 469, 489, 470, 489, 7, 2,		35, 467, 469, 467, 469, 8, 1		
96, 375, 402, 394, 402, 1, 1,		172, 502, 527, 502, 527, 2, 2,		168, 680, 695, 680, 682, 3, 1,		19, 708, 710, 708, 710, 4, 2,		129, 778, 785, 778, 785, 5, 1,		105, 300, 372, 357, 372, 6, 1,		201, 489, 500, 489, 500, 7, 2,		49, 470, 490, 470, 490, 8, 1		
12, 404, 408, 404, 408, 1, 1,		21, 527, 552, 527, 552, 2, 2,		183, 682, 686, 682, 686, 3, 1,		64, 710, 712, 710, 712, 4, 1,		152, 785, 788, 785, 788, 5, 2,		8, 372, 388, 372, 388, 6, 1,		137, 500, 536, 500, 502, 7, 1,		201, 489, 500, 490, 500, 8, 2		
20, 408, 414, 408, 414, 1, 1,		185, 552, 632, 552, 632, 2, 1,		66, 686, 690, 686, 690, 3, 1,		192, 712, 714, 712, 714, 4, 1,		56, 788, 792, 788, 792, 5, 1,		69, 388, 404, 388, 404, 6, 1,		121, 502, 504, 502, 504, 7, 1,		46, 500, 502, 500, 502, 8, 1		
169, 414, 442, 414, 422, 1, 1,		170, 611, 639, 632, 639, 2, 2,		84, 690, 695, 690, 695, 3, 1,		124, 714, 716, 714, 716, 4, 1,		3, 792, 794, 792, 794, 5, 2,		1, 404, 416, 404, 416, 6, 1,		146, 504, 518, 504, 518, 7, 1,		137, 500, 536, 502, 518, 8, 1		
154, 422, 426, 422, 426, 1, 2,		120, 639, 643, 639, 643, 2, 2,		203, 695, 706, 695, 706, 3, 2,		4, 740, 746, 740, 746, 4, 1,		15, 794, 797, 794, 797, 5, 2,		190, 418, 434, 418, 434, 6, 2,		137, 500, 536, 518, 532, 7, 1,		97, 518, 532, 518, 532, 8, 2		
193, 427, 458, 427, 458, 1, 4,		143, 643, 668, 643, 668, 2, 2,		85, 706, 708, 706, 708, 3, 2,		202, 746, 768, 746, 767, 4, 2,		37, 797, 801, 797, 801, 5, 2,		55, 434, 442, 434, 442, 6, 1,		148, 532, 538, 532, 538, 7, 2,		137, 500, 536, 532, 536, 8, 1		
38, 458, 490, 458, 490, 1, 4,		82, 668, 678, 668, 678, 2, 1,		19, 708, 710, 708, 710, 3, 2,		198, 767, 797, 767, 797, 4, 1,		114, 801, 804, 801, 804, 5, 2,		48, 442, 456, 442, 456, 6, 1,		6, 538, 544, 538, 544, 7, 2,		70, 536, 546, 536, 546, 8, 1		
77, 490, 502, 490, 502, 1, 1,		94, 668, 728, 678, 728, 2, 1,		103, 710, 714, 710, 714, 3, 1,		101, 768, 804, 797, 804, 4, 1,		36, 804, 806, 804, 806, 5, 1,		88, 436, 467, 456, 467, 6, 2,		54, 544, 554, 544, 554, 7, 2,		107, 574, 598, 574, 598, 8, 2		
93, 502, 512, 502, 512, 1, 1,		106, 717, 749, 728, 749, 2, 1,		106, 717, 749, 717, 728, 3, 1,		187, 797, 808, 804, 808, 4, 2,		52, 806, 809, 806, 808, 5, 2,		151, 469, 489, 469, 489, 6, 2,		33, 554, 574, 554, 574, 7, 2,		110, 598, 612, 598, 612, 8, 2		
45, 512, 552, 512, 552, 1, 1,		81, 749, 759, 749, 759, 2, 1,		7, 728, 740, 728, 740, 3, 1,		0, 0, 0, 0, 0, 0, 0,			0, 0, 0, 0, 0, 0, 0,			200, 490, 504, 490, 504, 6, 1,		110, 598, 612, 598, 612, 7, 2,		118, 600, 642, 612, 624, 8, 1		
117, 552, 580, 552, 580, 1, 2,		141, 759, 768, 759, 767, 2, 1,		202, 746, 768, 746, 768, 3, 2,		0, 0, 0, 0, 0, 0, 0,			0, 0, 0, 0, 0, 0, 0,			134, 504, 509, 504, 509, 6, 1,		87, 612, 624, 612, 624, 7, 2,		194, 624, 632, 624, 632, 8, 2		
142, 580, 598, 580, 598, 1, 2,		175, 769, 771, 769, 771, 2, 2,		175, 769, 771, 769, 771, 3, 2,		0, 0, 0, 0, 0, 0, 0,			0, 0, 0, 0, 0, 0, 0,			97, 518, 532, 518, 532, 6, 2,		118, 600, 642, 624, 642, 7, 1,		17, 632, 638, 632, 638, 8, 2		
119, 598, 611, 598, 611, 1, 2,		101, 768, 804, 771, 777, 2, 1,		157, 767, 777, 771, 777, 3, 1,		0, 0, 0, 0, 0, 0, 0,			0, 0, 0, 0, 0, 0, 0,			148, 532, 538, 532, 538, 6, 2,		57, 638, 644, 642, 644, 7, 1,		62, 638, 642, 638, 642, 8, 1		
170, 611, 639, 611, 627, 1, 2,		50, 777, 793, 778, 793, 2, 1,		101, 768, 804, 777, 797, 3, 1,		0, 0, 0, 0, 0, 0, 0,			0, 0, 0, 0, 0, 0, 0,			6, 538, 544, 538, 544, 6, 2,		160, 650, 662, 650, 662, 7, 2,		80, 642, 650, 642, 650, 8, 2		
144, 627, 767, 627, 767, 1, 2,		15, 794, 797, 794, 797, 2, 2,		187, 797, 808, 797, 808, 3, 2,		0, 0, 0, 0, 0, 0, 0,			0, 0, 0, 0, 0, 0, 0,			54, 544, 554, 544, 554, 6, 2,		22, 662, 670, 662, 670, 7, 2,		160, 650, 662, 650, 662, 8, 2		
101, 768, 804, 769, 771, 1, 1,		187, 797, 808, 797, 804, 2, 2,		0, 0, 0, 0, 0, 0, 0,			0, 0, 0, 0, 0, 0, 0,			0, 0, 0, 0, 0, 0, 0,			33, 554, 574, 554, 574, 6, 2,		67, 670, 674, 670, 674, 7, 1,		22, 662, 670, 662, 670, 8, 2		
79, 771, 781, 771, 781, 1, 1,		163, 804, 807, 804, 807, 2, 1,		0, 0, 0, 0, 0, 0, 0,			0, 0, 0, 0, 0, 0, 0,			0, 0, 0, 0, 0, 0, 0,			107, 574, 598, 574, 598, 6, 2,		0, 0, 0, 0, 0, 0, 0,			0, 0, 0, 0, 0, 0, 0			
158, 781, 785, 781, 785, 1, 1,		52, 806, 809, 807, 835, 2, 2,		0, 0, 0, 0, 0, 0, 0,			0, 0, 0, 0, 0, 0, 0,			0, 0, 0, 0, 0, 0, 0,			32, 598, 600, 598, 600, 6, 1,		0, 0, 0, 0, 0, 0, 0,			0, 0, 0, 0, 0, 0, 0			
152, 785, 788, 785, 788, 1, 2,		0, 0, 0, 0, 0, 0, 0,			0, 0, 0, 0, 0, 0, 0,			0, 0, 0, 0, 0, 0, 0,			0, 0, 0, 0, 0, 0, 0,			118, 600, 642, 600, 612, 6, 1,		0, 0, 0, 0, 0, 0, 0,			0, 0, 0, 0, 0, 0, 0			
159, 788, 790, 788, 790, 1, 1,		0, 0, 0, 0, 0, 0, 0,			0, 0, 0, 0, 0, 0, 0,			0, 0, 0, 0, 0, 0, 0,			0, 0, 0, 0, 0, 0, 0,			87, 612, 624, 612, 624, 6, 2,		0, 0, 0, 0, 0, 0, 0,			0, 0, 0, 0, 0, 0, 0			
155, 794, 796, 794, 796, 1, 1,		0, 0, 0, 0, 0, 0, 0,			0, 0, 0, 0, 0, 0, 0,			0, 0, 0, 0, 0, 0, 0,			0, 0, 0, 0, 0, 0, 0,			194, 624, 632, 624, 632, 6, 2,		0, 0, 0, 0, 0, 0, 0,			0, 0, 0, 0, 0, 0, 0			
37, 797, 801, 797, 801, 1, 2,		0, 0, 0, 0, 0, 0, 0,			0, 0, 0, 0, 0, 0, 0,			0, 0, 0, 0, 0, 0, 0,			0, 0, 0, 0, 0, 0, 0,			17, 632, 638, 632, 638, 6, 2,		0, 0, 0, 0, 0, 0, 0,			0, 0, 0, 0, 0, 0, 0			
114, 801, 804, 801, 804, 1, 2,		0, 0, 0, 0, 0, 0, 0,			0, 0, 0, 0, 0, 0, 0,			0, 0, 0, 0, 0, 0, 0,			0, 0, 0, 0, 0, 0, 0,			57, 638, 644, 638, 642, 6, 1,		0, 0, 0, 0, 0, 0, 0,			0, 0, 0, 0, 0, 0, 0			
52, 806, 809, 806, 835, 1, 2,		0, 0, 0, 0, 0, 0, 0,			0, 0, 0, 0, 0, 0, 0,			0, 0, 0, 0, 0, 0, 0,			0, 0, 0, 0, 0, 0, 0,			80, 642, 650, 642, 650, 6, 2,		0, 0, 0, 0, 0, 0, 0,			0, 0, 0, 0, 0, 0, 0			
0, 0, 0, 0, 0, 0, 0,			0, 0, 0, 0, 0, 0, 0,			0, 0, 0, 0, 0, 0, 0,			0, 0, 0, 0, 0, 0, 0,			0, 0, 0, 0, 0, 0, 0,			188, 650, 654, 650, 654, 6, 1,		0, 0, 0, 0, 0, 0, 0,			0, 0, 0, 0, 0, 0, 0			
0, 0, 0, 0, 0, 0, 0,			0, 0, 0, 0, 0, 0, 0,			0, 0, 0, 0, 0, 0, 0,			0, 0, 0, 0, 0, 0, 0,			0, 0, 0, 0, 0, 0, 0,			0, 0, 0, 0, 0, 0, 0,			0, 0, 0, 0, 0, 0, 0,			0, 0, 0, 0, 0, 0, 0			
0, 0, 0, 0, 0, 0, 0,			0, 0, 0, 0, 0, 0, 0,			0, 0, 0, 0, 0, 0, 0,			0, 0, 0, 0, 0, 0, 0,			0, 0, 0, 0, 0, 0, 0,			0, 0, 0, 0, 0, 0, 0,			0, 0, 0, 0, 0, 0, 0,			0, 0, 0, 0, 0, 0, 0			
0, 0, 0, 0, 0, 0, 0,			0, 0, 0, 0, 0, 0, 0,			0, 0, 0, 0, 0, 0, 0,			0, 0, 0, 0, 0, 0, 0,			0, 0, 0, 0, 0, 0, 0,			0, 0, 0, 0, 0, 0, 0,			0, 0, 0, 0, 0, 0, 0,			0, 0, 0, 0, 0, 0, 0			
0, 0, 0, 0, 0, 0, 0,			0, 0, 0, 0, 0, 0, 0,			0, 0, 0, 0, 0, 0, 0,			0, 0, 0, 0, 0, 0, 0,			0, 0, 0, 0, 0, 0, 0,			0, 0, 0, 0, 0, 0, 0,			0, 0, 0, 0, 0, 0, 0,			0, 0, 0, 0, 0, 0, 0			
0, 0, 0, 0, 0, 0, 0,			0, 0, 0, 0, 0, 0, 0,			0, 0, 0, 0, 0, 0, 0,			0, 0, 0, 0, 0, 0, 0,			0, 0, 0, 0, 0, 0, 0,			0, 0, 0, 0, 0, 0, 0,			0, 0, 0, 0, 0, 0, 0,			0, 0, 0, 0, 0, 0, 0			
0, 0, 0, 0, 0, 0, 0,			0, 0, 0, 0, 0, 0, 0,			0, 0, 0, 0, 0, 0, 0,			0, 0, 0, 0, 0, 0, 0,			0, 0, 0, 0, 0, 0, 0,			0, 0, 0, 0, 0, 0, 0,			0, 0, 0, 0, 0, 0, 0,			0, 0, 0, 0, 0, 0, 0			
0, 0, 0, 0, 0, 0, 0,			0, 0, 0, 0, 0, 0, 0,			0, 0, 0, 0, 0, 0, 0,			0, 0, 0, 0, 0, 0, 0,			0, 0, 0, 0, 0, 0, 0,			0, 0, 0, 0, 0, 0, 0,			0, 0, 0, 0, 0, 0, 0,			0, 0, 0, 0, 0, 0, 0			
0, 0, 0, 0, 0, 0, 0,			0, 0, 0, 0, 0, 0, 0,			0, 0, 0, 0, 0, 0, 0,			0, 0, 0, 0, 0, 0, 0,			0, 0, 0, 0, 0, 0, 0,			0, 0, 0, 0, 0, 0, 0,			0, 0, 0, 0, 0, 0, 0,			0, 0, 0, 0, 0, 0, 0			
0, 0, 0, 0, 0, 0, 0,			0, 0, 0, 0, 0, 0, 0,			0, 0, 0, 0, 0, 0, 0,			0, 0, 0, 0, 0, 0, 0,			0, 0, 0, 0, 0, 0, 0,			0, 0, 0, 0, 0, 0, 0,			0, 0, 0, 0, 0, 0, 0,			0, 0, 0, 0, 0, 0, 0			
0, 0, 0, 0, 0, 0, 0,			0, 0, 0, 0, 0, 0, 0,			0, 0, 0, 0, 0, 0, 0,			0, 0, 0, 0, 0, 0, 0,			0, 0, 0, 0, 0, 0, 0,			0, 0, 0, 0, 0, 0, 0,			0, 0, 0, 0, 0, 0, 0,			0, 0, 0, 0, 0, 0, 0			
0, 0, 0, 0, 0, 0, 0,			0, 0, 0, 0, 0, 0, 0,			0, 0, 0, 0, 0, 0, 0,			0, 0, 0, 0, 0, 0, 0,			0, 0, 0, 0, 0, 0, 0,			0, 0, 0, 0, 0, 0, 0,			0, 0, 0, 0, 0, 0, 0,			0, 0, 0, 0, 0, 0, 0			
0, 0, 0, 0, 0, 0, 0,			0, 0, 0, 0, 0, 0, 0,			0, 0, 0, 0, 0, 0, 0,			0, 0, 0, 0, 0, 0, 0,			0, 0, 0, 0, 0, 0, 0,			0, 0, 0, 0, 0, 0, 0,			0, 0, 0, 0, 0, 0, 0,			0, 0, 0, 0, 0, 0, 0			
0, 0, 0, 0, 0, 0, 0,			0, 0, 0, 0, 0, 0, 0,			0, 0, 0, 0, 0, 0, 0,			0, 0, 0, 0, 0, 0, 0,			0, 0, 0, 0, 0, 0, 0,			0, 0, 0, 0, 0, 0, 0,			0, 0, 0, 0, 0, 0, 0,			0, 0, 0, 0, 0, 0, 0			
0, 0, 0, 0, 0, 0, 0,			0, 0, 0, 0, 0, 0, 0,			0, 0, 0, 0, 0, 0, 0,			0, 0, 0, 0, 0, 0, 0,			0, 0, 0, 0, 0, 0, 0,			0, 0, 0, 0, 0, 0, 0,			0, 0, 0, 0, 0, 0, 0,			0, 0, 0, 0, 0, 0, 0			
0, 0, 0, 0, 0, 0, 0,			0, 0, 0, 0, 0, 0, 0,			0, 0, 0, 0, 0, 0, 0,			0, 0, 0, 0, 0, 0, 0,			0, 0, 0, 0, 0, 0, 0,			0, 0, 0, 0, 0, 0, 0,			0, 0, 0, 0, 0, 0, 0,			0, 0, 0, 0, 0, 0, 0			
0, 0, 0, 0, 0, 0, 0,			0, 0, 0, 0, 0, 0, 0,			0, 0, 0, 0, 0, 0, 0,			0, 0, 0, 0, 0, 0, 0,			0, 0, 0, 0, 0, 0, 0,			0, 0, 0, 0, 0, 0, 0,			0, 0, 0, 0, 0, 0, 0,			0, 0, 0, 0, 0, 0, 0			
0, 0, 0, 0, 0, 0, 0,			0, 0, 0, 0, 0, 0, 0,			0, 0, 0, 0, 0, 0, 0,			0, 0, 0, 0, 0, 0, 0,			0, 0, 0, 0, 0, 0, 0,			0, 0, 0, 0, 0, 0, 0,			0, 0, 0, 0, 0, 0, 0,			0, 0, 0, 0, 0, 0, 0			
