Area1_1.Task, Area1_1.TaskBeginning, Area1_1.TaskEnd, Area1_1StartInThisArea, Area1_1EndInThisArea, Area1_1.Worker, Area1_1.NumberOfWorkers, Area1_2.Task, Area1_2.TaskBeginning, Area1_2.TaskEnd, Area1_2StartInThisArea, Area1_2EndInThisArea, Area1_2.Worker, Area1_2.NumberOfWorkers, Area1_3.Task, Area1_3.TaskBeginning, Area1_3.TaskEnd, Area1_3StartInThisArea, Area1_3EndInThisArea, Area1_3.Worker, Area1_3.NumberOfWorkers, Area1_4.Task, Area1_4.TaskBeginning, Area1_4.TaskEnd, Area1_4StartInThisArea, Area1_4EndInThisArea, Area1_4.Worker, Area1_4.NumberOfWorkers, Area1_5.Task, Area1_5.TaskBeginning, Area1_5.TaskEnd, Area1_5StartInThisArea, Area1_5EndInThisArea, Area1_5.Worker, Area1_5.NumberOfWorkers, Area2_1.Task, Area2_1.TaskBeginning, Area2_1.TaskEnd, Area2_1StartInThisArea, Area2_1EndInThisArea, Area2_1.Worker, Area2_1.NumberOfWorkers, Area2_2.Task, Area2_2.TaskBeginning, Area2_2.TaskEnd, Area2_2StartInThisArea, Area2_2EndInThisArea, Area2_2.Worker, Area2_2.NumberOfWorkers, Area2_3.Task, Area2_3.TaskBeginning, Area2_3.TaskEnd, Area2_3StartInThisArea, Area2_3EndInThisArea, Area2_3.Worker, Area2_3.NumberOfWorkers
195, 0, 0, 0, 8, 1, 1,		164, 0, 0, 0, 4, 2, 1,		162, 0, 0, 0, 18, 3, 1,		14, 0, 0, 0, 36, 4, 2,		14, 0, 0, 0, 36, 5, 2,		140, 0, 0, 0, 16, 6, 1,		39, 0, 0, 0, 11, 7, 2,		39, 0, 0, 0, 11, 8, 2		
72, 0, 0, 8, 38, 1, 2,		31, 0, 0, 4, 8, 2, 1,		72, 0, 0, 36, 38, 3, 2,		122, 0, 0, 36, 38, 4, 2,		122, 0, 0, 36, 61, 5, 2,		13, 0, 0, 16, 20, 6, 1,		197, 0, 0, 16, 34, 7, 2,		13, 0, 0, 11, 16, 8, 1		
122, 0, 0, 38, 40, 1, 2,		72, 0, 0, 8, 18, 2, 2,		104, 0, 0, 38, 73, 3, 2,		104, 0, 0, 38, 40, 4, 2,		23, 0, 0, 61, 73, 5, 2,		9, 0, 0, 20, 34, 6, 1,		165, 0, 0, 34, 41, 7, 2,		197, 0, 0, 16, 34, 8, 2		
112, 0, 0, 40, 49, 1, 1,		73, 0, 0, 18, 40, 2, 1,		23, 0, 0, 73, 75, 3, 2,		122, 0, 0, 40, 61, 4, 2,		182, 832, 832, 73, 75, 5, 1,		165, 0, 0, 34, 41, 6, 2,		61, 0, 0, 43, 67, 7, 2,		9, 0, 0, 34, 45, 8, 1		
166, 0, 0, 49, 56, 1, 1,		104, 0, 0, 40, 73, 2, 2,		90, 0, 0, 75, 77, 3, 2,		23, 0, 0, 61, 94, 4, 2,		23, 0, 0, 75, 77, 5, 2,		61, 0, 0, 43, 67, 6, 2,		76, 0, 0, 70, 76, 7, 2,		111, 0, 0, 45, 57, 8, 1		
40, 0, 0, 56, 59, 1, 1,		132, 0, 0, 73, 75, 2, 1,		23, 0, 0, 77, 94, 3, 2,		83, 0, 0, 94, 127, 4, 1,		182, 832, 832, 77, 83, 5, 1,		11, 0, 0, 67, 70, 6, 2,		102, 0, 0, 76, 82, 7, 2,		153, 0, 0, 57, 67, 8, 1		
126, 0, 0, 59, 68, 1, 1,		182, 832, 832, 75, 77, 2, 1,		171, 0, 0, 94, 127, 3, 2,		172, 0, 0, 127, 152, 4, 2,		83, 0, 0, 83, 94, 5, 1,		86, 0, 0, 70, 75, 6, 1,		123, 0, 0, 82, 92, 7, 2,		11, 0, 0, 67, 70, 8, 2		
132, 0, 0, 68, 73, 1, 1,		41, 0, 0, 77, 189, 2, 2,		100, 0, 0, 128, 150, 3, 1,		21, 0, 0, 152, 177, 4, 2,		171, 0, 0, 94, 127, 5, 2,		10, 0, 0, 75, 91, 6, 1,		130, 0, 0, 92, 106, 7, 1,		76, 0, 0, 70, 76, 8, 2		
90, 0, 0, 75, 77, 1, 2,		179, 0, 0, 190, 199, 2, 1,		21, 0, 0, 152, 177, 3, 2,		18, 0, 0, 177, 181, 4, 2,		172, 0, 0, 127, 152, 5, 2,		139, 0, 0, 92, 121, 6, 2,		133, 0, 0, 106, 119, 7, 1,		102, 0, 0, 76, 82, 8, 2		
41, 0, 0, 77, 150, 1, 2,		44, 0, 0, 200, 217, 2, 1,		18, 0, 0, 177, 181, 3, 2,		167, 0, 0, 181, 183, 4, 1,		26, 0, 0, 183, 185, 5, 1,		180, 0, 0, 121, 133, 6, 2,		161, 0, 0, 119, 121, 7, 1,		123, 0, 0, 82, 92, 8, 2		
5, 0, 0, 150, 181, 1, 1,		136, 0, 0, 217, 245, 2, 4,		5, 0, 0, 181, 189, 3, 1,		37, 0, 0, 185, 189, 4, 2,		37, 0, 0, 185, 189, 5, 2,		28, 0, 0, 133, 168, 6, 2,		180, 0, 0, 121, 133, 7, 2,		139, 0, 0, 92, 121, 8, 2		
41, 0, 0, 181, 189, 1, 2,		89, 0, 0, 245, 318, 2, 4,		196, 0, 0, 189, 217, 3, 4,		196, 0, 0, 189, 217, 4, 4,		196, 0, 0, 189, 217, 5, 4,		91, 0, 0, 192, 218, 6, 2,		28, 0, 0, 133, 168, 7, 2,		161, 0, 0, 121, 135, 8, 1		
196, 0, 0, 189, 217, 1, 4,		135, 0, 0, 318, 350, 2, 4,		136, 0, 0, 217, 245, 3, 4,		136, 0, 0, 217, 245, 4, 4,		136, 0, 0, 217, 245, 5, 4,		178, 0, 0, 218, 243, 6, 2,		51, 0, 0, 168, 192, 7, 2,		59, 0, 0, 135, 143, 8, 1		
44, 0, 0, 217, 222, 1, 1,		176, 0, 0, 351, 363, 2, 1,		89, 0, 0, 245, 318, 3, 4,		149, 0, 0, 245, 252, 4, 1,		89, 0, 0, 245, 318, 5, 4,		78, 0, 0, 268, 272, 6, 2,		53, 0, 0, 192, 200, 7, 1,		34, 0, 0, 143, 156, 8, 1		
199, 0, 0, 222, 244, 1, 1,		125, 0, 0, 363, 381, 2, 1,		135, 0, 0, 318, 350, 3, 4,		135, 0, 0, 318, 350, 4, 4,		135, 0, 0, 318, 350, 5, 4,		8, 0, 0, 272, 288, 6, 1,		74, 0, 0, 200, 208, 7, 1,		109, 0, 0, 156, 158, 8, 1		
89, 0, 0, 245, 252, 1, 4,		38, 0, 0, 381, 413, 2, 4,		193, 0, 0, 350, 381, 3, 4,		193, 0, 0, 350, 381, 4, 4,		193, 0, 0, 350, 381, 5, 4,		105, 0, 0, 293, 365, 6, 1,		178, 0, 0, 218, 243, 7, 2,		51, 0, 0, 168, 192, 8, 2		
186, 4200731, 4200859, 252, 272, 1, 1,		99, 0, 0, 413, 425, 2, 4,		38, 0, 0, 381, 413, 3, 4,		38, 0, 0, 381, 413, 4, 4,		24, 0, 0, 387, 393, 5, 1,		27, 0, 0, 365, 383, 6, 2,		174, 0, 0, 243, 268, 7, 2,		91, 0, 0, 192, 218, 8, 2		
43, 0, 0, 272, 324, 1, 1,		117, 0, 0, 425, 453, 2, 2,		145, 0, 0, 413, 420, 3, 1,		99, 0, 0, 413, 425, 4, 4,		145, 0, 0, 393, 413, 5, 1,		151, 0, 0, 383, 403, 6, 2,		16, 0, 0, 272, 293, 7, 2,		42, 0, 0, 218, 228, 8, 1		
96, 0, 0, 324, 350, 1, 1,		47, 0, 0, 453, 473, 2, 2,		84, 0, 0, 420, 425, 3, 1,		128, 0, 0, 425, 478, 4, 2,		99, 0, 0, 413, 425, 5, 4,		88, 0, 0, 403, 434, 6, 2,		190, 0, 0, 293, 309, 7, 2,		174, 0, 0, 243, 268, 8, 2		
193, 0, 0, 350, 381, 1, 4,		95, 0, 0, 473, 598, 2, 2,		117, 0, 0, 425, 453, 3, 2,		0, 0, 0, 478, 524, 4, 2,		128, 0, 0, 425, 478, 5, 2,		69, 0, 0, 434, 437, 6, 1,		115, 0, 0, 317, 321, 7, 2,		78, 0, 0, 268, 272, 8, 2		
125, 0, 0, 381, 387, 1, 1,		143, 0, 0, 598, 600, 2, 2,		47, 0, 0, 453, 473, 3, 2,		170, 0, 0, 524, 552, 4, 2,		0, 0, 0, 478, 524, 5, 2,		137, 0, 0, 437, 473, 6, 1,		173, 0, 0, 321, 345, 7, 2,		16, 0, 0, 272, 293, 8, 2		
38, 0, 0, 387, 413, 1, 4,		2, 0, 0, 600, 606, 2, 2,		95, 0, 0, 473, 598, 3, 2,		143, 0, 0, 575, 598, 4, 2,		75, 0, 0, 552, 558, 5, 2,		1, 0, 0, 473, 485, 6, 1,		25, 0, 0, 345, 355, 7, 1,		190, 0, 0, 293, 309, 8, 2		
99, 0, 0, 413, 425, 1, 4,		185, 0, 0, 606, 608, 2, 1,		143, 0, 0, 598, 600, 3, 2,		144, 0, 0, 598, 738, 4, 2,		138, 0, 0, 558, 575, 5, 2,		177, 0, 0, 485, 493, 6, 1,		68, 0, 0, 355, 361, 7, 1,		55, 0, 0, 309, 317, 8, 1		
191, 0, 0, 425, 433, 1, 1,		63, 0, 0, 608, 612, 2, 1,		2, 0, 0, 600, 606, 3, 2,		203, 0, 0, 738, 746, 4, 2,		143, 0, 0, 575, 598, 5, 2,		58, 0, 0, 495, 497, 6, 2,		27, 0, 0, 365, 373, 7, 2,		115, 0, 0, 317, 321, 8, 2		
93, 0, 0, 433, 443, 1, 1,		113, 0, 0, 612, 636, 2, 1,		94, 0, 0, 606, 636, 3, 1,		198, 0, 0, 746, 768, 4, 1,		144, 0, 0, 598, 738, 5, 2,		97, 0, 0, 497, 511, 6, 2,		49, 0, 0, 373, 393, 7, 1,		173, 0, 0, 321, 345, 8, 2		
45, 0, 0, 443, 483, 1, 1,		85, 0, 0, 648, 650, 2, 2,		108, 0, 0, 636, 648, 3, 1,		187, 802, 813, 810, 813, 4, 2,		203, 0, 0, 738, 746, 5, 2,		148, 0, 0, 511, 517, 6, 2,		200, 0, 0, 393, 407, 7, 1,		48, 0, 0, 345, 359, 8, 1		
7, 0, 0, 483, 495, 1, 1,		60, 0, 0, 650, 660, 2, 2,		85, 0, 0, 648, 650, 3, 2,		163, 813, 816, 813, 816, 4, 1,		101, 798, 816, 810, 816, 5, 1,		6, 0, 0, 517, 523, 6, 2,		146, 0, 0, 407, 421, 7, 1,		98, 0, 0, 359, 373, 8, 1		
71, 0, 0, 495, 509, 1, 1,		202, 0, 0, 660, 682, 2, 2,		60, 0, 0, 650, 660, 3, 2,		0, 0, 0, 0, 0, 0, 0,			0, 0, 0, 0, 0, 0, 0,			54, 0, 0, 523, 533, 6, 2,		69, 0, 0, 421, 434, 7, 1,		27, 0, 0, 373, 383, 8, 2		
29, 0, 0, 509, 517, 1, 1,		92, 0, 0, 682, 700, 2, 2,		181, 0, 0, 660, 672, 3, 1,		0, 0, 0, 0, 0, 0, 0,			0, 0, 0, 0, 0, 0, 0,			33, 0, 0, 533, 553, 6, 2,		116, 0, 0, 434, 495, 7, 2,		151, 0, 0, 383, 403, 8, 2		
129, 0, 0, 517, 524, 1, 1,		142, 0, 0, 700, 718, 2, 2,		202, 0, 0, 672, 682, 3, 2,		0, 0, 0, 0, 0, 0, 0,			0, 0, 0, 0, 0, 0, 0,			201, 0, 0, 553, 564, 6, 2,		58, 0, 0, 495, 497, 7, 2,		88, 0, 0, 403, 434, 8, 2		
127, 0, 0, 524, 528, 1, 1,		119, 0, 0, 718, 731, 2, 2,		92, 0, 0, 682, 700, 3, 2,		0, 0, 0, 0, 0, 0, 0,			0, 0, 0, 0, 0, 0, 0,			107, 0, 0, 564, 566, 6, 2,		35, 0, 0, 497, 499, 7, 1,		116, 0, 0, 434, 495, 8, 2		
185, 0, 0, 528, 606, 1, 1,		203, 0, 0, 735, 738, 2, 2,		142, 0, 0, 700, 718, 3, 2,		0, 0, 0, 0, 0, 0, 0,			0, 0, 0, 0, 0, 0, 0,			121, 0, 0, 566, 568, 6, 1,		131, 0, 0, 499, 505, 7, 1,		97, 0, 0, 497, 511, 8, 2		
181, 0, 0, 648, 660, 1, 1,		141, 0, 0, 782, 791, 2, 1,		119, 0, 0, 718, 731, 3, 2,		0, 0, 0, 0, 0, 0, 0,			0, 0, 0, 0, 0, 0, 0,			70, 0, 0, 568, 578, 6, 1,		134, 0, 0, 505, 510, 7, 1,		54, 0, 0, 523, 533, 8, 2		
202, 0, 0, 660, 672, 1, 2,		187, 802, 813, 810, 813, 2, 2,		65, 0, 0, 731, 735, 3, 1,		0, 0, 0, 0, 0, 0, 0,			0, 0, 0, 0, 0, 0, 0,			110, 0, 0, 588, 602, 6, 2,		148, 0, 0, 511, 517, 7, 2,		33, 0, 0, 533, 553, 8, 2		
12, 0, 0, 672, 676, 1, 1,		0, 0, 0, 0, 0, 0, 0,			203, 0, 0, 735, 738, 3, 2,		0, 0, 0, 0, 0, 0, 0,			0, 0, 0, 0, 0, 0, 0,			194, 0, 0, 602, 610, 6, 2,		6, 0, 0, 517, 523, 7, 2,		107, 0, 0, 564, 588, 8, 2		
50, 0, 0, 676, 692, 1, 1,		0, 0, 0, 0, 0, 0, 0,			198, 0, 0, 738, 746, 3, 1,		0, 0, 0, 0, 0, 0, 0,			0, 0, 0, 0, 0, 0, 0,			87, 0, 0, 610, 622, 6, 2,		201, 0, 0, 553, 564, 7, 2,		32, 0, 0, 588, 590, 8, 1		
20, 0, 0, 692, 698, 1, 1,		0, 0, 0, 0, 0, 0, 0,			154, 0, 0, 746, 750, 3, 2,		0, 0, 0, 0, 0, 0, 0,			0, 0, 0, 0, 0, 0, 0,			57, 0, 0, 622, 628, 6, 1,		46, 0, 0, 564, 566, 7, 1,		118, 0, 0, 590, 602, 8, 1		
192, 0, 0, 698, 700, 1, 1,		0, 0, 0, 0, 0, 0, 0,			82, 0, 0, 785, 794, 3, 1,		0, 0, 0, 0, 0, 0, 0,			0, 0, 0, 0, 0, 0, 0,			80, 0, 0, 632, 640, 6, 2,		107, 0, 0, 566, 588, 7, 2,		194, 0, 0, 602, 610, 8, 2		
169, 0, 0, 701, 729, 1, 1,		0, 0, 0, 0, 0, 0, 0,			52, 813, 816, 813, 816, 3, 2,		0, 0, 0, 0, 0, 0, 0,			0, 0, 0, 0, 0, 0, 0,			22, 0, 0, 640, 648, 6, 2,		110, 0, 0, 588, 602, 7, 2,		87, 0, 0, 610, 622, 8, 2		
159, 0, 0, 729, 731, 1, 1,		0, 0, 0, 0, 0, 0, 0,			0, 0, 0, 0, 0, 0, 0,			0, 0, 0, 0, 0, 0, 0,			0, 0, 0, 0, 0, 0, 0,			17, 0, 0, 648, 654, 6, 2,		118, 0, 0, 602, 632, 7, 1,		80, 0, 0, 632, 640, 8, 2		
36, 0, 0, 743, 745, 1, 1,		0, 0, 0, 0, 0, 0, 0,			0, 0, 0, 0, 0, 0, 0,			0, 0, 0, 0, 0, 0, 0,			0, 0, 0, 0, 0, 0, 0,			160, 0, 0, 654, 666, 6, 2,		22, 0, 0, 640, 648, 7, 2,		188, 0, 0, 640, 644, 8, 1		
154, 0, 0, 746, 750, 1, 2,		0, 0, 0, 0, 0, 0, 0,			0, 0, 0, 0, 0, 0, 0,			0, 0, 0, 0, 0, 0, 0,			0, 0, 0, 0, 0, 0, 0,			0, 0, 0, 0, 0, 0, 0,			17, 0, 0, 648, 654, 7, 2,		67, 0, 0, 648, 652, 8, 1		
158, 809, 813, 810, 813, 1, 1,		0, 0, 0, 0, 0, 0, 0,			0, 0, 0, 0, 0, 0, 0,			0, 0, 0, 0, 0, 0, 0,			0, 0, 0, 0, 0, 0, 0,			0, 0, 0, 0, 0, 0, 0,			62, 0, 0, 654, 658, 7, 1,		160, 0, 0, 654, 658, 8, 2		
52, 813, 816, 813, 816, 1, 2,		0, 0, 0, 0, 0, 0, 0,			0, 0, 0, 0, 0, 0, 0,			0, 0, 0, 0, 0, 0, 0,			0, 0, 0, 0, 0, 0, 0,			0, 0, 0, 0, 0, 0, 0,			160, 0, 0, 658, 666, 7, 2,		0, 0, 0, 0, 0, 0, 0			
0, 0, 0, 0, 0, 0, 0,			0, 0, 0, 0, 0, 0, 0,			0, 0, 0, 0, 0, 0, 0,			0, 0, 0, 0, 0, 0, 0,			0, 0, 0, 0, 0, 0, 0,			0, 0, 0, 0, 0, 0, 0,			0, 0, 0, 0, 0, 0, 0,			0, 0, 0, 0, 0, 0, 0			
0, 0, 0, 0, 0, 0, 0,			0, 0, 0, 0, 0, 0, 0,			0, 0, 0, 0, 0, 0, 0,			0, 0, 0, 0, 0, 0, 0,			0, 0, 0, 0, 0, 0, 0,			0, 0, 0, 0, 0, 0, 0,			0, 0, 0, 0, 0, 0, 0,			0, 0, 0, 0, 0, 0, 0			
0, 0, 0, 0, 0, 0, 0,			0, 0, 0, 0, 0, 0, 0,			0, 0, 0, 0, 0, 0, 0,			0, 0, 0, 0, 0, 0, 0,			0, 0, 0, 0, 0, 0, 0,			0, 0, 0, 0, 0, 0, 0,			0, 0, 0, 0, 0, 0, 0,			0, 0, 0, 0, 0, 0, 0			
0, 0, 0, 0, 0, 0, 0,			0, 0, 0, 0, 0, 0, 0,			0, 0, 0, 0, 0, 0, 0,			0, 0, 0, 0, 0, 0, 0,			0, 0, 0, 0, 0, 0, 0,			0, 0, 0, 0, 0, 0, 0,			0, 0, 0, 0, 0, 0, 0,			0, 0, 0, 0, 0, 0, 0			
0, 0, 0, 0, 0, 0, 0,			0, 0, 0, 0, 0, 0, 0,			0, 0, 0, 0, 0, 0, 0,			0, 0, 0, 0, 0, 0, 0,			0, 0, 0, 0, 0, 0, 0,			0, 0, 0, 0, 0, 0, 0,			0, 0, 0, 0, 0, 0, 0,			0, 0, 0, 0, 0, 0, 0			
0, 0, 0, 0, 0, 0, 0,			0, 0, 0, 0, 0, 0, 0,			0, 0, 0, 0, 0, 0, 0,			0, 0, 0, 0, 0, 0, 0,			0, 0, 0, 0, 0, 0, 0,			0, 0, 0, 0, 0, 0, 0,			0, 0, 0, 0, 0, 0, 0,			0, 0, 0, 0, 0, 0, 0			
0, 0, 0, 0, 0, 0, 0,			0, 0, 0, 0, 0, 0, 0,			0, 0, 0, 0, 0, 0, 0,			0, 0, 0, 0, 0, 0, 0,			0, 0, 0, 0, 0, 0, 0,			0, 0, 0, 0, 0, 0, 0,			0, 0, 0, 0, 0, 0, 0,			0, 0, 0, 0, 0, 0, 0			
0, 0, 0, 0, 0, 0, 0,			0, 0, 0, 0, 0, 0, 0,			0, 0, 0, 0, 0, 0, 0,			0, 0, 0, 0, 0, 0, 0,			0, 0, 0, 0, 0, 0, 0,			0, 0, 0, 0, 0, 0, 0,			0, 0, 0, 0, 0, 0, 0,			0, 0, 0, 0, 0, 0, 0			
0, 0, 0, 0, 0, 0, 0,			0, 0, 0, 0, 0, 0, 0,			0, 0, 0, 0, 0, 0, 0,			0, 0, 0, 0, 0, 0, 0,			0, 0, 0, 0, 0, 0, 0,			0, 0, 0, 0, 0, 0, 0,			0, 0, 0, 0, 0, 0, 0,			0, 0, 0, 0, 0, 0, 0			
0, 0, 0, 0, 0, 0, 0,			0, 0, 0, 0, 0, 0, 0,			0, 0, 0, 0, 0, 0, 0,			0, 0, 0, 0, 0, 0, 0,			0, 0, 0, 0, 0, 0, 0,			0, 0, 0, 0, 0, 0, 0,			0, 0, 0, 0, 0, 0, 0,			0, 0, 0, 0, 0, 0, 0			
0, 0, 0, 0, 0, 0, 0,			0, 0, 0, 0, 0, 0, 0,			0, 0, 0, 0, 0, 0, 0,			0, 0, 0, 0, 0, 0, 0,			0, 0, 0, 0, 0, 0, 0,			0, 0, 0, 0, 0, 0, 0,			0, 0, 0, 0, 0, 0, 0,			0, 0, 0, 0, 0, 0, 0			
0, 0, 0, 0, 0, 0, 0,			0, 0, 0, 0, 0, 0, 0,			0, 0, 0, 0, 0, 0, 0,			0, 0, 0, 0, 0, 0, 0,			0, 0, 0, 0, 0, 0, 0,			0, 0, 0, 0, 0, 0, 0,			0, 0, 0, 0, 0, 0, 0,			0, 0, 0, 0, 0, 0, 0			
0, 0, 0, 0, 0, 0, 0,			0, 0, 0, 0, 0, 0, 0,			0, 0, 0, 0, 0, 0, 0,			0, 0, 0, 0, 0, 0, 0,			0, 0, 0, 0, 0, 0, 0,			0, 0, 0, 0, 0, 0, 0,			0, 0, 0, 0, 0, 0, 0,			0, 0, 0, 0, 0, 0, 0			
0, 0, 0, 0, 0, 0, 0,			0, 0, 0, 0, 0, 0, 0,			0, 0, 0, 0, 0, 0, 0,			0, 0, 0, 0, 0, 0, 0,			0, 0, 0, 0, 0, 0, 0,			0, 0, 0, 0, 0, 0, 0,			0, 0, 0, 0, 0, 0, 0,			0, 0, 0, 0, 0, 0, 0			
0, 0, 0, 0, 0, 0, 0,			0, 0, 0, 0, 0, 0, 0,			0, 0, 0, 0, 0, 0, 0,			0, 0, 0, 0, 0, 0, 0,			0, 0, 0, 0, 0, 0, 0,			0, 0, 0, 0, 0, 0, 0,			0, 0, 0, 0, 0, 0, 0,			0, 0, 0, 0, 0, 0, 0			
0, 0, 0, 0, 0, 0, 0,			0, 0, 0, 0, 0, 0, 0,			0, 0, 0, 0, 0, 0, 0,			0, 0, 0, 0, 0, 0, 0,			0, 0, 0, 0, 0, 0, 0,			0, 0, 0, 0, 0, 0, 0,			0, 0, 0, 0, 0, 0, 0,			0, 0, 0, 0, 0, 0, 0			
0, 0, 0, 0, 0, 0, 0,			0, 0, 0, 0, 0, 0, 0,			0, 0, 0, 0, 0, 0, 0,			0, 0, 0, 0, 0, 0, 0,			0, 0, 0, 0, 0, 0, 0,			0, 0, 0, 0, 0, 0, 0,			0, 0, 0, 0, 0, 0, 0,			0, 0, 0, 0, 0, 0, 0			
0, 0, 0, 0, 0, 0, 0,			0, 0, 0, 0, 0, 0, 0,			0, 0, 0, 0, 0, 0, 0,			0, 0, 0, 0, 0, 0, 0,			0, 0, 0, 0, 0, 0, 0,			0, 0, 0, 0, 0, 0, 0,			0, 0, 0, 0, 0, 0, 0,			0, 0, 0, 0, 0, 0, 0			
0, 0, 0, 0, 0, 0, 0,			0, 0, 0, 0, 0, 0, 0,			0, 0, 0, 0, 0, 0, 0,			0, 0, 0, 0, 0, 0, 0,			0, 0, 0, 0, 0, 0, 0,			0, 0, 0, 0, 0, 0, 0,			0, 0, 0, 0, 0, 0, 0,			0, 0, 0, 0, 0, 0, 0			
0, 0, 0, 0, 0, 0, 0,			0, 0, 0, 0, 0, 0, 0,			0, 0, 0, 0, 0, 0, 0,			0, 0, 0, 0, 0, 0, 0,			0, 0, 0, 0, 0, 0, 0,			0, 0, 0, 0, 0, 0, 0,			0, 0, 0, 0, 0, 0, 0,			0, 0, 0, 0, 0, 0, 0			
0, 0, 0, 0, 0, 0, 0,			0, 0, 0, 0, 0, 0, 0,			0, 0, 0, 0, 0, 0, 0,			0, 0, 0, 0, 0, 0, 0,			0, 0, 0, 0, 0, 0, 0,			0, 0, 0, 0, 0, 0, 0,			0, 0, 0, 0, 0, 0, 0,			0, 0, 0, 0, 0, 0, 0			
0, 0, 0, 0, 0, 0, 0,			0, 0, 0, 0, 0, 0, 0,			0, 0, 0, 0, 0, 0, 0,			0, 0, 0, 0, 0, 0, 0,			0, 0, 0, 0, 0, 0, 0,			0, 0, 0, 0, 0, 0, 0,			0, 0, 0, 0, 0, 0, 0,			0, 0, 0, 0, 0, 0, 0			
0, 0, 0, 0, 0, 0, 0,			0, 0, 0, 0, 0, 0, 0,			0, 0, 0, 0, 0, 0, 0,			0, 0, 0, 0, 0, 0, 0,			0, 0, 0, 0, 0, 0, 0,			0, 0, 0, 0, 0, 0, 0,			0, 0, 0, 0, 0, 0, 0,			0, 0, 0, 0, 0, 0, 0			
0, 0, 0, 0, 0, 0, 0,			0, 0, 0, 0, 0, 0, 0,			0, 0, 0, 0, 0, 0, 0,			0, 0, 0, 0, 0, 0, 0,			0, 0, 0, 0, 0, 0, 0,			0, 0, 0, 0, 0, 0, 0,			0, 0, 0, 0, 0, 0, 0,			0, 0, 0, 0, 0, 0, 0			
0, 0, 0, 0, 0, 0, 0,			0, 0, 0, 0, 0, 0, 0,			0, 0, 0, 0, 0, 0, 0,			0, 0, 0, 0, 0, 0, 0,			0, 0, 0, 0, 0, 0, 0,			0, 0, 0, 0, 0, 0, 0,			0, 0, 0, 0, 0, 0, 0,			0, 0, 0, 0, 0, 0, 0			
0, 0, 0, 0, 0, 0, 0,			0, 0, 0, 0, 0, 0, 0,			0, 0, 0, 0, 0, 0, 0,			0, 0, 0, 0, 0, 0, 0,			0, 0, 0, 0, 0, 0, 0,			0, 0, 0, 0, 0, 0, 0,			0, 0, 0, 0, 0, 0, 0,			0, 0, 0, 0, 0, 0, 0			
