Area1_1.Task, Area1_1.TaskBeginning, Area1_1.TaskEnd, Area1_1StartInThisArea, Area1_1EndInThisArea, Area1_1.Worker, Area1_1.NumberOfWorkers, Area1_2.Task, Area1_2.TaskBeginning, Area1_2.TaskEnd, Area1_2StartInThisArea, Area1_2EndInThisArea, Area1_2.Worker, Area1_2.NumberOfWorkers, Area1_3.Task, Area1_3.TaskBeginning, Area1_3.TaskEnd, Area1_3StartInThisArea, Area1_3EndInThisArea, Area1_3.Worker, Area1_3.NumberOfWorkers, Area1_4.Task, Area1_4.TaskBeginning, Area1_4.TaskEnd, Area1_4StartInThisArea, Area1_4EndInThisArea, Area1_4.Worker, Area1_4.NumberOfWorkers, Area1_5.Task, Area1_5.TaskBeginning, Area1_5.TaskEnd, Area1_5StartInThisArea, Area1_5EndInThisArea, Area1_5.Worker, Area1_5.NumberOfWorkers, Area2_1.Task, Area2_1.TaskBeginning, Area2_1.TaskEnd, Area2_1StartInThisArea, Area2_1EndInThisArea, Area2_1.Worker, Area2_1.NumberOfWorkers, Area2_2.Task, Area2_2.TaskBeginning, Area2_2.TaskEnd, Area2_2StartInThisArea, Area2_2EndInThisArea, Area2_2.Worker, Area2_2.NumberOfWorkers, Area2_3.Task, Area2_3.TaskBeginning, Area2_3.TaskEnd, Area2_3StartInThisArea, Area2_3EndInThisArea, Area2_3.Worker, Area2_3.NumberOfWorkers
83, 0, 45, 0, 30, 1, 1,		14, 0, 36, 0, 36, 2, 2,		72, 0, 30, 0, 30, 3, 2,		72, 0, 30, 0, 30, 4, 2,		104, 30, 65, 30, 36, 5, 2,		13, 0, 9, 0, 9, 6, 1,		123, 0, 10, 0, 10, 7, 2,		123, 0, 10, 0, 10, 8, 2		
104, 30, 65, 30, 36, 1, 2,		104, 30, 65, 36, 65, 2, 2,		83, 0, 45, 30, 44, 3, 1,		31, 40, 44, 40, 44, 4, 1,		164, 36, 40, 36, 40, 5, 1,		39, 10, 21, 10, 21, 6, 2,		39, 10, 21, 10, 21, 7, 2,		140, 9, 25, 10, 25, 8, 1		
195, 36, 44, 36, 40, 1, 1,		73, 63, 85, 65, 85, 2, 1,		90, 44, 46, 44, 46, 3, 2,		41, 46, 158, 46, 158, 4, 2,		195, 36, 44, 40, 44, 5, 1,		10, 21, 37, 21, 25, 6, 1,		153, 21, 31, 21, 31, 7, 1,		10, 21, 37, 25, 37, 8, 1		
104, 30, 65, 40, 45, 1, 2,		122, 74, 99, 85, 99, 2, 2,		104, 30, 65, 46, 65, 3, 2,		96, 164, 191, 164, 186, 4, 1,		90, 44, 46, 44, 46, 5, 2,		11, 36, 39, 36, 39, 6, 2,		11, 36, 39, 36, 39, 7, 2,		86, 39, 44, 39, 44, 8, 1		
162, 45, 63, 45, 63, 1, 1,		128, 99, 152, 99, 102, 2, 2,		112, 65, 74, 65, 74, 3, 1,		136, 186, 214, 186, 214, 4, 4,		41, 46, 158, 46, 158, 5, 2,		28, 39, 74, 39, 74, 6, 2,		28, 39, 74, 39, 74, 7, 2,		9, 44, 69, 44, 69, 8, 1		
73, 63, 85, 63, 65, 1, 1,		100, 102, 124, 102, 124, 2, 1,		122, 74, 99, 74, 99, 3, 2,		89, 214, 287, 214, 287, 4, 4,		196, 158, 186, 158, 186, 5, 4,		178, 74, 99, 74, 99, 6, 2,		111, 69, 81, 74, 81, 7, 1,		111, 69, 81, 69, 74, 8, 1		
40, 65, 68, 65, 68, 1, 1,		5, 124, 164, 124, 158, 2, 1,		128, 99, 152, 99, 152, 3, 2,		43, 240, 292, 287, 292, 4, 1,		96, 164, 191, 186, 191, 5, 1,		161, 94, 110, 99, 110, 6, 1,		133, 81, 94, 81, 94, 7, 1,		178, 74, 99, 74, 99, 8, 2		
84, 68, 73, 68, 73, 1, 1,		196, 158, 186, 158, 186, 2, 4,		18, 152, 156, 152, 156, 3, 2,		176, 292, 304, 292, 304, 4, 1,		145, 211, 238, 211, 214, 5, 1,		59, 110, 118, 110, 118, 6, 1,		161, 94, 110, 94, 99, 7, 1,		174, 99, 124, 99, 124, 8, 2		
122, 74, 99, 74, 85, 1, 2,		136, 186, 214, 186, 214, 2, 4,		167, 156, 158, 156, 158, 3, 1,		125, 304, 328, 304, 319, 4, 1,		89, 214, 287, 214, 287, 5, 4,		197, 124, 142, 124, 142, 6, 2,		174, 99, 124, 99, 124, 7, 2,		197, 124, 142, 124, 142, 8, 2		
182, 85, 95, 85, 95, 1, 1,		89, 214, 287, 214, 287, 2, 4,		196, 158, 186, 158, 186, 3, 4,		193, 319, 350, 319, 350, 4, 4,		135, 287, 319, 287, 319, 5, 4,		165, 142, 149, 142, 149, 6, 2,		25, 124, 134, 124, 134, 7, 1,		130, 134, 149, 142, 149, 8, 1		
166, 95, 102, 95, 102, 1, 1,		135, 287, 319, 287, 319, 2, 4,		136, 186, 214, 186, 214, 3, 4,		38, 350, 382, 350, 382, 4, 4,		125, 304, 328, 319, 328, 5, 1,		34, 149, 162, 151, 162, 6, 1,		130, 134, 149, 134, 142, 7, 1,		34, 149, 162, 149, 151, 8, 1		
128, 99, 152, 102, 152, 1, 2,		193, 319, 350, 319, 350, 2, 4,		89, 214, 287, 214, 287, 3, 4,		99, 382, 394, 382, 394, 4, 4,		24, 328, 334, 328, 334, 5, 1,		109, 162, 164, 162, 164, 6, 1,		165, 142, 149, 142, 149, 7, 2,		61, 151, 175, 151, 175, 8, 2		
18, 152, 156, 152, 156, 1, 2,		38, 350, 382, 350, 382, 2, 4,		135, 287, 319, 287, 319, 3, 4,		47, 394, 414, 394, 414, 4, 2,		179, 334, 343, 334, 343, 5, 1,		139, 175, 204, 175, 204, 6, 2,		61, 151, 175, 151, 175, 7, 2,		88, 236, 267, 236, 267, 8, 2		
5, 124, 164, 158, 164, 1, 1,		132, 382, 389, 382, 389, 2, 1,		193, 319, 350, 319, 350, 3, 4,		95, 414, 539, 414, 539, 4, 2,		71, 343, 357, 343, 350, 5, 1,		76, 204, 210, 204, 210, 6, 2,		139, 175, 204, 175, 204, 7, 2,		16, 267, 288, 267, 288, 8, 2		
196, 158, 186, 164, 186, 1, 4,		30, 389, 393, 389, 393, 2, 1,		71, 343, 357, 350, 357, 3, 1,		21, 531, 556, 539, 556, 4, 2,		38, 350, 382, 350, 382, 5, 4,		91, 210, 236, 210, 236, 6, 2,		76, 204, 210, 204, 210, 7, 2,		102, 288, 294, 288, 294, 8, 2		
136, 186, 214, 186, 191, 1, 4,		23, 394, 427, 394, 404, 2, 2,		149, 357, 365, 357, 365, 3, 1,		117, 556, 584, 556, 584, 4, 2,		99, 382, 394, 382, 394, 5, 4,		88, 236, 267, 236, 267, 6, 2,		91, 210, 236, 210, 236, 7, 2,		105, 288, 360, 294, 360, 8, 1		
186, 191, 211, 191, 211, 1, 1,		45, 404, 444, 404, 444, 2, 1,		29, 365, 373, 365, 373, 3, 1,		170, 584, 612, 584, 612, 4, 2,		47, 394, 414, 394, 414, 5, 2,		134, 267, 272, 267, 272, 6, 1,		42, 236, 246, 236, 246, 7, 1,		137, 358, 394, 360, 380, 8, 1		
136, 186, 214, 211, 214, 1, 4,		44, 444, 466, 444, 460, 2, 1,		126, 373, 382, 373, 382, 3, 1,		60, 612, 622, 612, 622, 4, 2,		95, 414, 539, 414, 539, 5, 2,		102, 288, 294, 288, 294, 6, 2,		16, 267, 288, 267, 288, 7, 2,		51, 380, 404, 380, 404, 8, 2		
145, 211, 238, 214, 238, 1, 1,		172, 460, 485, 460, 485, 2, 2,		99, 382, 394, 382, 394, 3, 4,		142, 622, 640, 622, 640, 4, 2,		144, 539, 679, 539, 679, 5, 2,		115, 294, 298, 294, 298, 6, 2,		105, 288, 360, 288, 294, 7, 1,		116, 404, 465, 404, 465, 8, 2		
26, 238, 240, 238, 240, 1, 1,		0, 485, 531, 485, 531, 2, 2,		23, 394, 427, 394, 427, 3, 2,		202, 640, 662, 640, 662, 4, 2,		143, 674, 699, 679, 699, 5, 2,		173, 298, 322, 298, 322, 6, 2,		115, 294, 298, 294, 298, 7, 2,		131, 465, 471, 465, 471, 8, 1		
43, 240, 292, 240, 287, 1, 1,		21, 531, 556, 531, 556, 2, 2,		171, 427, 460, 427, 460, 3, 2,		108, 662, 674, 662, 674, 4, 1,		138, 697, 714, 699, 714, 5, 2,		180, 322, 334, 322, 334, 6, 2,		173, 298, 322, 298, 322, 7, 2,		201, 469, 480, 471, 480, 8, 2		
135, 287, 319, 287, 319, 1, 4,		117, 556, 584, 556, 563, 2, 2,		44, 444, 466, 460, 466, 3, 1,		143, 674, 699, 674, 699, 4, 2,		94, 699, 729, 714, 729, 5, 1,		68, 334, 340, 334, 340, 6, 1,		180, 322, 334, 322, 334, 7, 2,		194, 480, 488, 480, 488, 8, 2		
193, 319, 350, 319, 350, 1, 4,		185, 563, 643, 563, 612, 2, 1,		199, 466, 488, 466, 485, 3, 1,		198, 685, 715, 699, 715, 4, 1,		65, 729, 733, 729, 733, 5, 1,		27, 340, 358, 340, 358, 6, 2,		27, 340, 358, 340, 358, 7, 2,		78, 488, 492, 488, 492, 8, 2		
38, 350, 382, 350, 382, 1, 4,		60, 612, 622, 612, 622, 2, 2,		0, 485, 531, 485, 531, 3, 2,		119, 716, 729, 716, 729, 4, 2,		203, 733, 744, 733, 744, 5, 2,		137, 358, 394, 358, 360, 6, 1,		151, 360, 380, 360, 380, 7, 2,		22, 494, 502, 494, 502, 8, 2		
99, 382, 394, 382, 394, 1, 4,		185, 563, 643, 622, 643, 2, 1,		21, 531, 556, 531, 535, 3, 2,		75, 729, 735, 729, 735, 4, 2,		103, 744, 748, 744, 748, 5, 1,		151, 360, 380, 360, 380, 6, 2,		137, 358, 394, 380, 394, 7, 1,		17, 502, 508, 502, 508, 8, 2		
93, 394, 404, 394, 404, 1, 1,		12, 643, 647, 643, 647, 2, 1,		63, 535, 539, 535, 539, 3, 1,		169, 735, 763, 735, 738, 4, 1,		169, 735, 763, 748, 763, 5, 1,		51, 380, 404, 380, 404, 6, 2,		53, 404, 412, 404, 412, 7, 1,		67, 508, 512, 508, 512, 8, 1		
23, 394, 427, 404, 427, 1, 2,		20, 647, 653, 647, 653, 2, 1,		113, 539, 563, 539, 563, 3, 1,		2, 738, 744, 738, 744, 4, 2,		120, 763, 767, 763, 767, 5, 2,		116, 404, 465, 404, 412, 6, 2,		116, 404, 465, 412, 465, 7, 2,		62, 512, 516, 512, 516, 8, 1		
171, 427, 460, 427, 460, 1, 2,		159, 653, 655, 653, 655, 2, 1,		117, 556, 584, 563, 584, 3, 2,		15, 744, 747, 744, 747, 4, 2,		181, 759, 783, 767, 771, 5, 1,		69, 412, 428, 412, 428, 6, 1,		58, 465, 467, 465, 467, 7, 2,		49, 560, 580, 560, 580, 8, 1		
172, 460, 485, 460, 485, 1, 2,		150, 655, 659, 655, 659, 2, 1,		170, 584, 612, 584, 612, 3, 2,		168, 744, 759, 748, 751, 4, 1,		183, 771, 775, 771, 775, 5, 1,		1, 428, 440, 428, 440, 6, 1,		35, 467, 469, 467, 469, 7, 1,		97, 608, 622, 608, 622, 8, 2		
199, 466, 488, 485, 488, 1, 1,		82, 675, 685, 675, 679, 2, 1,		185, 563, 643, 612, 622, 3, 1,		181, 759, 783, 759, 767, 4, 1,		181, 759, 783, 775, 779, 5, 1,		74, 440, 448, 440, 448, 6, 1,		201, 469, 480, 469, 480, 7, 2,		148, 622, 628, 622, 628, 8, 2		
7, 488, 500, 488, 500, 1, 1,		92, 679, 697, 679, 697, 2, 2,		142, 622, 640, 622, 640, 3, 2,		81, 767, 777, 767, 771, 4, 1,		19, 779, 781, 779, 781, 5, 2,		177, 448, 456, 448, 456, 6, 1,		194, 480, 488, 480, 488, 7, 2,		54, 634, 644, 634, 644, 8, 2		
129, 500, 507, 500, 507, 1, 1,		138, 697, 714, 697, 714, 2, 2,		202, 640, 662, 640, 662, 3, 2,		181, 759, 783, 771, 775, 4, 1,		64, 781, 783, 781, 783, 5, 1,		58, 465, 467, 465, 467, 6, 2,		78, 488, 492, 488, 492, 7, 2,		33, 644, 664, 644, 664, 8, 2		
191, 507, 515, 507, 515, 1, 1,		175, 714, 716, 714, 716, 2, 2,		143, 674, 699, 674, 679, 3, 2,		81, 767, 777, 775, 777, 4, 1,		52, 784, 787, 784, 787, 5, 2,		201, 469, 480, 469, 471, 6, 2,		70, 484, 494, 492, 494, 7, 1,		110, 688, 702, 688, 702, 8, 2		
50, 515, 531, 515, 531, 1, 1,		119, 716, 729, 716, 729, 2, 2,		92, 679, 697, 679, 697, 3, 2,		19, 779, 781, 779, 781, 4, 2,		101, 785, 803, 787, 803, 5, 1,		46, 480, 482, 480, 482, 6, 1,		22, 494, 502, 494, 502, 7, 2,		118, 690, 732, 702, 732, 8, 1		
127, 531, 535, 531, 535, 1, 1,		75, 729, 735, 729, 733, 2, 2,		138, 697, 714, 697, 699, 3, 2,		181, 759, 783, 781, 783, 4, 1,		187, 798, 809, 803, 809, 5, 2,		121, 482, 484, 482, 484, 6, 1,		17, 502, 508, 502, 508, 7, 2,		80, 732, 740, 732, 740, 8, 2		
21, 531, 556, 535, 539, 1, 2,		203, 733, 744, 733, 744, 2, 2,		94, 699, 729, 699, 714, 3, 1,		85, 783, 785, 783, 785, 4, 2,		0, 0, 0, 0, 0, 0, 0,			70, 484, 494, 484, 492, 6, 1,		190, 508, 524, 508, 524, 7, 2,		188, 740, 744, 740, 744, 8, 1		
144, 539, 679, 539, 679, 1, 2,		15, 744, 747, 744, 747, 2, 2,		175, 714, 716, 714, 716, 3, 2,		163, 785, 788, 785, 788, 4, 1,		0, 0, 0, 0, 0, 0, 0,			8, 492, 508, 492, 508, 6, 1,		97, 608, 622, 608, 622, 7, 2,		0, 0, 0, 0, 0, 0, 0			
82, 675, 685, 679, 685, 1, 1,		152, 748, 751, 748, 751, 2, 2,		158, 726, 730, 726, 729, 3, 1,		157, 788, 798, 788, 793, 4, 1,		0, 0, 0, 0, 0, 0, 0,			190, 508, 524, 508, 524, 6, 2,		148, 622, 628, 622, 628, 7, 2,		0, 0, 0, 0, 0, 0, 0			
198, 685, 715, 685, 699, 1, 1,		168, 744, 759, 751, 759, 2, 1,		141, 729, 738, 729, 738, 3, 1,		155, 793, 795, 793, 795, 4, 1,		0, 0, 0, 0, 0, 0, 0,			55, 524, 532, 524, 532, 6, 1,		6, 628, 634, 628, 634, 7, 2,		0, 0, 0, 0, 0, 0, 0			
79, 716, 726, 716, 726, 1, 1,		156, 767, 771, 767, 771, 2, 1,		169, 735, 763, 738, 748, 3, 1,		192, 795, 797, 795, 797, 4, 1,		0, 0, 0, 0, 0, 0, 0,			48, 532, 546, 532, 546, 6, 1,		54, 634, 644, 634, 644, 7, 2,		0, 0, 0, 0, 0, 0, 0			
158, 726, 730, 729, 733, 1, 1,		81, 767, 777, 771, 775, 2, 1,		152, 748, 751, 748, 751, 3, 2,		187, 798, 809, 798, 803, 4, 2,		0, 0, 0, 0, 0, 0, 0,			98, 546, 560, 546, 560, 6, 1,		33, 644, 664, 644, 664, 7, 2,		0, 0, 0, 0, 0, 0, 0			
75, 729, 735, 733, 735, 1, 2,		66, 775, 779, 775, 779, 2, 1,		4, 753, 759, 753, 759, 3, 1,		37, 803, 807, 803, 807, 4, 2,		0, 0, 0, 0, 0, 0, 0,			200, 580, 594, 580, 594, 6, 1,		107, 664, 688, 664, 688, 7, 2,		0, 0, 0, 0, 0, 0, 0			
2, 738, 744, 738, 744, 1, 2,		114, 781, 784, 781, 784, 2, 2,		56, 759, 763, 759, 763, 3, 1,		0, 0, 0, 0, 0, 0, 0,			0, 0, 0, 0, 0, 0, 0,			146, 594, 608, 594, 608, 6, 1,		32, 688, 690, 688, 690, 7, 1,		0, 0, 0, 0, 0, 0, 0			
168, 744, 759, 744, 747, 1, 1,		101, 785, 803, 785, 787, 2, 1,		120, 763, 767, 763, 767, 3, 2,		0, 0, 0, 0, 0, 0, 0,			0, 0, 0, 0, 0, 0, 0,			6, 628, 634, 628, 634, 6, 2,		118, 690, 732, 690, 702, 7, 1,		0, 0, 0, 0, 0, 0, 0			
106, 751, 783, 751, 783, 1, 1,		3, 787, 789, 787, 789, 2, 2,		181, 759, 783, 779, 781, 3, 1,		0, 0, 0, 0, 0, 0, 0,			0, 0, 0, 0, 0, 0, 0,			107, 664, 688, 664, 688, 6, 2,		87, 702, 714, 702, 714, 7, 2,		0, 0, 0, 0, 0, 0, 0			
85, 783, 785, 783, 785, 1, 2,		154, 789, 793, 789, 793, 2, 2,		114, 781, 784, 781, 784, 3, 2,		0, 0, 0, 0, 0, 0, 0,			0, 0, 0, 0, 0, 0, 0,			110, 688, 702, 688, 702, 6, 2,		160, 714, 726, 714, 726, 7, 2,		0, 0, 0, 0, 0, 0, 0			
37, 803, 807, 803, 805, 1, 2,		157, 788, 798, 793, 798, 2, 1,		52, 784, 787, 784, 787, 3, 2,		0, 0, 0, 0, 0, 0, 0,			0, 0, 0, 0, 0, 0, 0,			87, 702, 714, 702, 714, 6, 2,		57, 726, 732, 726, 732, 7, 1,		0, 0, 0, 0, 0, 0, 0			
0, 0, 0, 0, 0, 0, 0,			187, 798, 809, 798, 805, 2, 2,		3, 787, 789, 787, 789, 3, 2,		0, 0, 0, 0, 0, 0, 0,			0, 0, 0, 0, 0, 0, 0,			160, 714, 726, 714, 726, 6, 2,		0, 0, 0, 0, 0, 0, 0,			0, 0, 0, 0, 0, 0, 0			
0, 0, 0, 0, 0, 0, 0,			37, 803, 807, 805, 807, 2, 2,		154, 789, 793, 789, 793, 3, 2,		0, 0, 0, 0, 0, 0, 0,			0, 0, 0, 0, 0, 0, 0,			80, 732, 740, 732, 740, 6, 2,		0, 0, 0, 0, 0, 0, 0,			0, 0, 0, 0, 0, 0, 0			
0, 0, 0, 0, 0, 0, 0,			36, 807, 809, 807, 809, 2, 1,		77, 793, 805, 793, 805, 3, 1,		0, 0, 0, 0, 0, 0, 0,			0, 0, 0, 0, 0, 0, 0,			0, 0, 0, 0, 0, 0, 0,			0, 0, 0, 0, 0, 0, 0,			0, 0, 0, 0, 0, 0, 0			
0, 0, 0, 0, 0, 0, 0,			0, 0, 0, 0, 0, 0, 0,			187, 798, 809, 805, 809, 3, 2,		0, 0, 0, 0, 0, 0, 0,			0, 0, 0, 0, 0, 0, 0,			0, 0, 0, 0, 0, 0, 0,			0, 0, 0, 0, 0, 0, 0,			0, 0, 0, 0, 0, 0, 0			
0, 0, 0, 0, 0, 0, 0,			0, 0, 0, 0, 0, 0, 0,			0, 0, 0, 0, 0, 0, 0,			0, 0, 0, 0, 0, 0, 0,			0, 0, 0, 0, 0, 0, 0,			0, 0, 0, 0, 0, 0, 0,			0, 0, 0, 0, 0, 0, 0,			0, 0, 0, 0, 0, 0, 0			
0, 0, 0, 0, 0, 0, 0,			0, 0, 0, 0, 0, 0, 0,			0, 0, 0, 0, 0, 0, 0,			0, 0, 0, 0, 0, 0, 0,			0, 0, 0, 0, 0, 0, 0,			0, 0, 0, 0, 0, 0, 0,			0, 0, 0, 0, 0, 0, 0,			0, 0, 0, 0, 0, 0, 0			
0, 0, 0, 0, 0, 0, 0,			0, 0, 0, 0, 0, 0, 0,			0, 0, 0, 0, 0, 0, 0,			0, 0, 0, 0, 0, 0, 0,			0, 0, 0, 0, 0, 0, 0,			0, 0, 0, 0, 0, 0, 0,			0, 0, 0, 0, 0, 0, 0,			0, 0, 0, 0, 0, 0, 0			
0, 0, 0, 0, 0, 0, 0,			0, 0, 0, 0, 0, 0, 0,			0, 0, 0, 0, 0, 0, 0,			0, 0, 0, 0, 0, 0, 0,			0, 0, 0, 0, 0, 0, 0,			0, 0, 0, 0, 0, 0, 0,			0, 0, 0, 0, 0, 0, 0,			0, 0, 0, 0, 0, 0, 0			
0, 0, 0, 0, 0, 0, 0,			0, 0, 0, 0, 0, 0, 0,			0, 0, 0, 0, 0, 0, 0,			0, 0, 0, 0, 0, 0, 0,			0, 0, 0, 0, 0, 0, 0,			0, 0, 0, 0, 0, 0, 0,			0, 0, 0, 0, 0, 0, 0,			0, 0, 0, 0, 0, 0, 0			
0, 0, 0, 0, 0, 0, 0,			0, 0, 0, 0, 0, 0, 0,			0, 0, 0, 0, 0, 0, 0,			0, 0, 0, 0, 0, 0, 0,			0, 0, 0, 0, 0, 0, 0,			0, 0, 0, 0, 0, 0, 0,			0, 0, 0, 0, 0, 0, 0,			0, 0, 0, 0, 0, 0, 0			
0, 0, 0, 0, 0, 0, 0,			0, 0, 0, 0, 0, 0, 0,			0, 0, 0, 0, 0, 0, 0,			0, 0, 0, 0, 0, 0, 0,			0, 0, 0, 0, 0, 0, 0,			0, 0, 0, 0, 0, 0, 0,			0, 0, 0, 0, 0, 0, 0,			0, 0, 0, 0, 0, 0, 0			
0, 0, 0, 0, 0, 0, 0,			0, 0, 0, 0, 0, 0, 0,			0, 0, 0, 0, 0, 0, 0,			0, 0, 0, 0, 0, 0, 0,			0, 0, 0, 0, 0, 0, 0,			0, 0, 0, 0, 0, 0, 0,			0, 0, 0, 0, 0, 0, 0,			0, 0, 0, 0, 0, 0, 0			
0, 0, 0, 0, 0, 0, 0,			0, 0, 0, 0, 0, 0, 0,			0, 0, 0, 0, 0, 0, 0,			0, 0, 0, 0, 0, 0, 0,			0, 0, 0, 0, 0, 0, 0,			0, 0, 0, 0, 0, 0, 0,			0, 0, 0, 0, 0, 0, 0,			0, 0, 0, 0, 0, 0, 0			
0, 0, 0, 0, 0, 0, 0,			0, 0, 0, 0, 0, 0, 0,			0, 0, 0, 0, 0, 0, 0,			0, 0, 0, 0, 0, 0, 0,			0, 0, 0, 0, 0, 0, 0,			0, 0, 0, 0, 0, 0, 0,			0, 0, 0, 0, 0, 0, 0,			0, 0, 0, 0, 0, 0, 0			
0, 0, 0, 0, 0, 0, 0,			0, 0, 0, 0, 0, 0, 0,			0, 0, 0, 0, 0, 0, 0,			0, 0, 0, 0, 0, 0, 0,			0, 0, 0, 0, 0, 0, 0,			0, 0, 0, 0, 0, 0, 0,			0, 0, 0, 0, 0, 0, 0,			0, 0, 0, 0, 0, 0, 0			
0, 0, 0, 0, 0, 0, 0,			0, 0, 0, 0, 0, 0, 0,			0, 0, 0, 0, 0, 0, 0,			0, 0, 0, 0, 0, 0, 0,			0, 0, 0, 0, 0, 0, 0,			0, 0, 0, 0, 0, 0, 0,			0, 0, 0, 0, 0, 0, 0,			0, 0, 0, 0, 0, 0, 0			
0, 0, 0, 0, 0, 0, 0,			0, 0, 0, 0, 0, 0, 0,			0, 0, 0, 0, 0, 0, 0,			0, 0, 0, 0, 0, 0, 0,			0, 0, 0, 0, 0, 0, 0,			0, 0, 0, 0, 0, 0, 0,			0, 0, 0, 0, 0, 0, 0,			0, 0, 0, 0, 0, 0, 0			
0, 0, 0, 0, 0, 0, 0,			0, 0, 0, 0, 0, 0, 0,			0, 0, 0, 0, 0, 0, 0,			0, 0, 0, 0, 0, 0, 0,			0, 0, 0, 0, 0, 0, 0,			0, 0, 0, 0, 0, 0, 0,			0, 0, 0, 0, 0, 0, 0,			0, 0, 0, 0, 0, 0, 0			
0, 0, 0, 0, 0, 0, 0,			0, 0, 0, 0, 0, 0, 0,			0, 0, 0, 0, 0, 0, 0,			0, 0, 0, 0, 0, 0, 0,			0, 0, 0, 0, 0, 0, 0,			0, 0, 0, 0, 0, 0, 0,			0, 0, 0, 0, 0, 0, 0,			0, 0, 0, 0, 0, 0, 0			
0, 0, 0, 0, 0, 0, 0,			0, 0, 0, 0, 0, 0, 0,			0, 0, 0, 0, 0, 0, 0,			0, 0, 0, 0, 0, 0, 0,			0, 0, 0, 0, 0, 0, 0,			0, 0, 0, 0, 0, 0, 0,			0, 0, 0, 0, 0, 0, 0,			0, 0, 0, 0, 0, 0, 0			
0, 0, 0, 0, 0, 0, 0,			0, 0, 0, 0, 0, 0, 0,			0, 0, 0, 0, 0, 0, 0,			0, 0, 0, 0, 0, 0, 0,			0, 0, 0, 0, 0, 0, 0,			0, 0, 0, 0, 0, 0, 0,			0, 0, 0, 0, 0, 0, 0,			0, 0, 0, 0, 0, 0, 0			
0, 0, 0, 0, 0, 0, 0,			0, 0, 0, 0, 0, 0, 0,			0, 0, 0, 0, 0, 0, 0,			0, 0, 0, 0, 0, 0, 0,			0, 0, 0, 0, 0, 0, 0,			0, 0, 0, 0, 0, 0, 0,			0, 0, 0, 0, 0, 0, 0,			0, 0, 0, 0, 0, 0, 0			
0, 0, 0, 0, 0, 0, 0,			0, 0, 0, 0, 0, 0, 0,			0, 0, 0, 0, 0, 0, 0,			0, 0, 0, 0, 0, 0, 0,			0, 0, 0, 0, 0, 0, 0,			0, 0, 0, 0, 0, 0, 0,			0, 0, 0, 0, 0, 0, 0,			0, 0, 0, 0, 0, 0, 0			
