Area1_1.Task, Area1_1.TaskBeginning, Area1_1.TaskEnd, Area1_1StartInThisArea, Area1_1EndInThisArea, Area1_1.Worker, Area1_1.NumberOfWorkers, Area1_2.Task, Area1_2.TaskBeginning, Area1_2.TaskEnd, Area1_2StartInThisArea, Area1_2EndInThisArea, Area1_2.Worker, Area1_2.NumberOfWorkers, Area1_3.Task, Area1_3.TaskBeginning, Area1_3.TaskEnd, Area1_3StartInThisArea, Area1_3EndInThisArea, Area1_3.Worker, Area1_3.NumberOfWorkers, Area1_4.Task, Area1_4.TaskBeginning, Area1_4.TaskEnd, Area1_4StartInThisArea, Area1_4EndInThisArea, Area1_4.Worker, Area1_4.NumberOfWorkers, Area1_5.Task, Area1_5.TaskBeginning, Area1_5.TaskEnd, Area1_5StartInThisArea, Area1_5EndInThisArea, Area1_5.Worker, Area1_5.NumberOfWorkers, Area2_1.Task, Area2_1.TaskBeginning, Area2_1.TaskEnd, Area2_1StartInThisArea, Area2_1EndInThisArea, Area2_1.Worker, Area2_1.NumberOfWorkers, Area2_2.Task, Area2_2.TaskBeginning, Area2_2.TaskEnd, Area2_2StartInThisArea, Area2_2EndInThisArea, Area2_2.Worker, Area2_2.NumberOfWorkers, Area2_3.Task, Area2_3.TaskBeginning, Area2_3.TaskEnd, Area2_3StartInThisArea, Area2_3EndInThisArea, Area2_3.Worker, Area2_3.NumberOfWorkers
122, 0, 25, 0, 25, 1, 2,		14, 0, 36, 0, 36, 2, 2,		83, 0, 45, 0, 45, 3, 1,		122, 0, 25, 0, 25, 4, 2,		72, 25, 55, 25, 36, 5, 2,		10, 0, 16, 0, 16, 6, 1,		13, 0, 9, 0, 9, 7, 1,		39, 9, 20, 9, 20, 8, 2		
72, 25, 55, 25, 40, 1, 2,		72, 25, 55, 36, 55, 2, 2,		72, 25, 55, 45, 55, 3, 2,		195, 36, 44, 36, 40, 4, 1,		164, 36, 40, 36, 40, 5, 1,		111, 16, 28, 16, 28, 6, 1,		39, 9, 20, 9, 20, 7, 2,		123, 20, 30, 20, 30, 8, 2		
31, 40, 44, 40, 44, 1, 1,		104, 55, 90, 55, 90, 2, 2,		104, 55, 90, 55, 90, 3, 2,		90, 44, 46, 44, 46, 4, 2,		195, 36, 44, 40, 44, 5, 1,		59, 28, 36, 28, 30, 6, 1,		123, 20, 30, 20, 30, 7, 2,		59, 28, 36, 30, 36, 8, 1		
162, 45, 63, 45, 63, 1, 1,		182, 90, 100, 90, 100, 2, 1,		43, 82, 134, 90, 100, 3, 1,		41, 46, 158, 46, 158, 4, 2,		90, 44, 46, 44, 46, 5, 2,		11, 36, 39, 36, 39, 6, 2,		140, 30, 46, 30, 46, 7, 1,		11, 36, 39, 36, 39, 8, 2		
112, 63, 72, 63, 72, 1, 1,		43, 82, 134, 100, 134, 2, 1,		128, 100, 153, 100, 153, 3, 2,		196, 158, 186, 158, 186, 4, 4,		41, 46, 158, 46, 158, 5, 2,		153, 39, 49, 39, 49, 6, 1,		197, 49, 67, 49, 67, 7, 2,		86, 39, 44, 39, 44, 8, 1		
166, 72, 79, 72, 79, 1, 1,		73, 134, 156, 134, 156, 2, 1,		18, 153, 157, 153, 157, 3, 2,		100, 183, 205, 186, 205, 4, 1,		196, 158, 186, 158, 186, 5, 4,		197, 49, 67, 49, 57, 6, 2,		165, 67, 74, 67, 74, 7, 2,		133, 44, 57, 44, 57, 8, 1		
40, 79, 82, 79, 82, 1, 1,		96, 156, 183, 156, 158, 2, 1,		196, 158, 186, 158, 186, 3, 4,		145, 205, 232, 205, 214, 4, 1,		136, 186, 214, 186, 214, 5, 4,		161, 57, 73, 57, 73, 6, 1,		9, 73, 98, 74, 76, 7, 1,		197, 49, 67, 57, 67, 8, 2		
43, 82, 134, 82, 90, 1, 1,		196, 158, 186, 158, 186, 2, 4,		136, 186, 214, 186, 214, 3, 4,		89, 214, 287, 214, 287, 4, 4,		89, 214, 287, 214, 287, 5, 4,		165, 67, 74, 73, 76, 6, 2,		61, 76, 100, 76, 100, 7, 2,		165, 67, 74, 67, 73, 8, 2		
84, 90, 95, 90, 95, 1, 1,		136, 186, 214, 186, 214, 2, 4,		145, 205, 232, 214, 232, 3, 1,		135, 287, 319, 287, 319, 4, 4,		135, 287, 319, 287, 319, 5, 4,		9, 73, 98, 76, 98, 6, 1,		34, 98, 111, 100, 111, 7, 1,		9, 73, 98, 73, 76, 8, 1		
128, 100, 153, 100, 153, 1, 2,		89, 214, 287, 214, 287, 2, 4,		167, 232, 234, 232, 234, 3, 1,		193, 319, 350, 319, 350, 4, 4,		193, 319, 350, 319, 350, 5, 4,		34, 98, 111, 98, 100, 6, 1,		130, 111, 126, 111, 126, 7, 1,		61, 76, 100, 76, 100, 8, 2		
18, 153, 157, 153, 157, 1, 2,		135, 287, 319, 287, 319, 2, 4,		179, 234, 243, 234, 243, 3, 1,		23, 350, 383, 350, 383, 4, 2,		199, 349, 371, 350, 371, 5, 1,		139, 100, 129, 100, 129, 6, 2,		109, 126, 128, 126, 128, 7, 1,		139, 100, 129, 100, 129, 8, 2		
96, 156, 183, 158, 183, 1, 1,		132, 314, 321, 319, 321, 2, 1,		26, 243, 245, 243, 245, 3, 1,		2, 389, 395, 389, 395, 4, 2,		186, 371, 391, 371, 391, 5, 1,		76, 164, 170, 164, 170, 6, 2,		28, 129, 164, 129, 164, 7, 2,		28, 129, 164, 129, 164, 8, 2		
100, 183, 205, 183, 186, 1, 1,		44, 327, 349, 327, 349, 2, 1,		5, 245, 285, 245, 285, 3, 1,		38, 396, 428, 396, 428, 4, 4,		2, 389, 395, 391, 395, 5, 2,		91, 170, 196, 170, 196, 6, 2,		76, 164, 170, 164, 170, 7, 2,		102, 196, 202, 196, 202, 8, 2		
136, 186, 214, 186, 214, 1, 4,		0, 350, 396, 350, 396, 2, 2,		126, 285, 294, 285, 287, 3, 1,		99, 428, 440, 428, 440, 4, 4,		38, 396, 428, 396, 428, 5, 4,		102, 196, 202, 196, 202, 6, 2,		91, 170, 196, 170, 196, 7, 2,		88, 202, 233, 202, 233, 8, 2		
89, 214, 287, 214, 287, 1, 4,		127, 396, 400, 396, 400, 2, 1,		135, 287, 319, 287, 319, 3, 4,		138, 440, 457, 440, 457, 4, 2,		99, 428, 440, 428, 440, 5, 4,		88, 202, 233, 202, 233, 6, 2,		42, 196, 206, 196, 206, 7, 1,		178, 233, 258, 233, 258, 8, 2		
126, 285, 294, 287, 294, 1, 1,		63, 400, 404, 400, 404, 2, 1,		193, 319, 350, 319, 350, 3, 4,		47, 457, 477, 457, 477, 4, 2,		171, 440, 473, 440, 473, 5, 2,		134, 233, 238, 233, 238, 6, 1,		178, 233, 258, 233, 258, 7, 2,		180, 283, 295, 283, 295, 8, 2		
149, 294, 302, 294, 302, 1, 1,		113, 404, 428, 404, 428, 2, 1,		0, 350, 396, 350, 396, 3, 2,		95, 477, 602, 477, 498, 4, 2,		172, 473, 498, 473, 498, 5, 2,		174, 258, 283, 258, 283, 6, 2,		174, 258, 283, 258, 283, 7, 2,		53, 319, 327, 319, 327, 8, 1		
176, 302, 314, 302, 314, 1, 1,		99, 428, 440, 428, 440, 2, 4,		38, 396, 428, 396, 428, 3, 4,		117, 523, 551, 523, 551, 4, 2,		95, 477, 602, 498, 602, 5, 2,		25, 283, 293, 283, 293, 6, 1,		180, 283, 295, 283, 295, 7, 2,		16, 319, 340, 327, 340, 8, 2		
132, 314, 321, 314, 319, 1, 1,		171, 440, 473, 440, 473, 2, 2,		99, 428, 440, 428, 440, 3, 4,		60, 551, 561, 551, 561, 4, 2,		202, 589, 611, 602, 611, 5, 2,		51, 295, 319, 295, 319, 6, 2,		51, 295, 319, 295, 319, 7, 2,		115, 340, 344, 340, 344, 8, 2		
193, 319, 350, 319, 350, 1, 4,		45, 450, 490, 473, 477, 2, 1,		93, 440, 450, 440, 450, 3, 1,		170, 561, 589, 561, 589, 4, 2,		142, 611, 629, 612, 629, 5, 2,		16, 319, 340, 319, 340, 6, 2,		16, 319, 340, 319, 327, 7, 2,		173, 344, 368, 344, 368, 8, 2		
23, 350, 383, 350, 383, 1, 2,		95, 477, 602, 477, 498, 2, 2,		172, 473, 498, 473, 498, 3, 2,		202, 589, 611, 589, 602, 4, 2,		175, 629, 631, 629, 631, 5, 2,		105, 340, 412, 340, 344, 6, 1,		74, 327, 335, 327, 335, 7, 1,		78, 371, 375, 371, 375, 8, 2		
75, 383, 389, 383, 389, 1, 2,		21, 498, 523, 498, 523, 2, 2,		95, 477, 602, 498, 602, 3, 2,		144, 602, 742, 602, 742, 4, 2,		143, 631, 656, 631, 656, 5, 2,		173, 344, 368, 344, 368, 6, 2,		115, 340, 344, 340, 344, 7, 2,		8, 375, 391, 375, 391, 8, 1		
2, 389, 395, 389, 391, 1, 2,		185, 490, 570, 523, 551, 2, 1,		202, 589, 611, 602, 611, 3, 2,		103, 743, 747, 743, 747, 4, 1,		92, 656, 674, 656, 674, 5, 2,		105, 340, 412, 371, 375, 6, 1,		105, 340, 412, 344, 371, 7, 1,		190, 391, 407, 391, 407, 8, 2		
38, 396, 428, 396, 428, 1, 4,		60, 551, 561, 551, 561, 2, 2,		142, 611, 629, 611, 629, 3, 2,		152, 747, 750, 747, 750, 4, 2,		15, 674, 677, 674, 677, 5, 2,		68, 375, 381, 375, 381, 6, 1,		78, 371, 375, 371, 375, 7, 2,		105, 340, 412, 407, 412, 8, 1		
150, 428, 432, 428, 432, 1, 1,		170, 561, 589, 561, 570, 2, 2,		175, 629, 631, 629, 631, 3, 2,		3, 750, 752, 750, 752, 4, 2,		125, 669, 693, 677, 693, 5, 1,		105, 340, 412, 391, 407, 6, 1,		105, 340, 412, 375, 391, 7, 1,		69, 407, 423, 412, 423, 8, 1		
138, 440, 457, 440, 450, 1, 2,		158, 570, 574, 570, 574, 2, 1,		143, 631, 656, 631, 656, 3, 2,		85, 752, 754, 752, 754, 4, 2,		181, 681, 705, 693, 701, 5, 1,		69, 407, 423, 407, 412, 6, 1,		190, 391, 407, 391, 407, 7, 2,		151, 423, 443, 423, 443, 8, 2		
45, 450, 490, 450, 473, 1, 1,		12, 574, 578, 574, 578, 2, 1,		92, 656, 674, 656, 674, 3, 2,		81, 755, 760, 755, 760, 4, 1,		71, 701, 715, 701, 715, 5, 1,		48, 415, 429, 415, 429, 6, 1,		55, 407, 415, 407, 415, 7, 1,		27, 443, 461, 443, 461, 8, 2		
47, 457, 477, 473, 477, 1, 2,		20, 578, 584, 578, 584, 2, 1,		15, 674, 677, 674, 677, 3, 2,		82, 760, 770, 760, 770, 4, 1,		119, 715, 728, 715, 728, 5, 2,		151, 423, 443, 429, 443, 6, 2,		151, 423, 443, 423, 429, 7, 2,		1, 461, 473, 461, 463, 8, 1		
45, 450, 490, 477, 490, 1, 1,		7, 584, 596, 584, 596, 2, 1,		120, 677, 681, 677, 681, 3, 2,		157, 770, 775, 770, 775, 4, 2,		65, 728, 732, 728, 732, 5, 1,		49, 443, 463, 443, 463, 6, 1,		98, 429, 443, 429, 443, 7, 1,		200, 463, 477, 463, 477, 8, 1		
185, 490, 570, 490, 523, 1, 1,		168, 596, 611, 596, 602, 2, 1,		156, 681, 685, 681, 685, 3, 1,		187, 775, 786, 775, 783, 4, 2,		203, 732, 743, 732, 743, 5, 2,		1, 461, 473, 463, 473, 6, 1,		27, 443, 461, 443, 461, 7, 2,		146, 477, 491, 477, 491, 8, 1		
117, 523, 551, 523, 551, 1, 2,		144, 602, 742, 602, 742, 2, 2,		183, 685, 689, 685, 689, 3, 1,		52, 783, 786, 783, 786, 4, 2,		77, 735, 747, 743, 747, 5, 1,		177, 473, 481, 473, 481, 6, 1,		137, 461, 497, 461, 491, 7, 1,		97, 491, 505, 491, 505, 8, 2		
185, 490, 570, 551, 570, 1, 1,		37, 743, 747, 743, 747, 2, 2,		181, 681, 705, 689, 693, 3, 1,		0, 0, 0, 0, 0, 0, 0,			152, 747, 750, 747, 750, 5, 2,		137, 461, 497, 491, 497, 6, 1,		97, 491, 505, 491, 505, 7, 2,		148, 505, 511, 505, 511, 8, 2		
170, 561, 589, 570, 589, 1, 2,		159, 747, 749, 747, 749, 2, 1,		56, 693, 697, 693, 697, 3, 1,		0, 0, 0, 0, 0, 0, 0,			3, 750, 752, 750, 752, 5, 2,		148, 505, 511, 505, 511, 6, 2,		6, 511, 517, 511, 517, 7, 2,		54, 517, 527, 517, 527, 8, 2		
202, 589, 611, 589, 602, 1, 2,		141, 760, 769, 760, 769, 2, 1,		19, 699, 701, 699, 701, 3, 2,		0, 0, 0, 0, 0, 0, 0,			85, 752, 754, 752, 754, 5, 2,		6, 511, 517, 511, 517, 6, 2,		110, 527, 541, 527, 541, 7, 2,		110, 527, 541, 527, 541, 8, 2		
168, 596, 611, 602, 611, 1, 1,		187, 775, 786, 783, 786, 2, 2,		181, 681, 705, 701, 705, 3, 1,		0, 0, 0, 0, 0, 0, 0,			81, 755, 760, 755, 760, 5, 1,		54, 517, 527, 517, 527, 6, 2,		108, 570, 582, 570, 582, 7, 3,		33, 541, 561, 541, 561, 8, 2		
50, 612, 628, 612, 628, 1, 1,		0, 0, 0, 0, 0, 0, 0,			154, 705, 709, 705, 709, 3, 2,		0, 0, 0, 0, 0, 0, 0,			157, 770, 775, 770, 775, 5, 2,		33, 541, 561, 541, 561, 6, 2,		116, 582, 643, 582, 643, 7, 2,		194, 561, 569, 561, 569, 8, 2		
79, 631, 641, 631, 641, 1, 1,		0, 0, 0, 0, 0, 0, 0,			114, 709, 712, 709, 712, 3, 2,		0, 0, 0, 0, 0, 0, 0,			187, 775, 786, 775, 783, 5, 2,		194, 561, 569, 561, 569, 6, 2,		58, 643, 645, 643, 645, 7, 2,		108, 570, 582, 570, 582, 8, 3		
169, 641, 669, 641, 669, 1, 1,		0, 0, 0, 0, 0, 0, 0,			163, 712, 715, 712, 715, 3, 1,		0, 0, 0, 0, 0, 0, 0,			52, 783, 786, 783, 786, 5, 2,		108, 570, 582, 570, 582, 6, 3,		201, 647, 658, 647, 658, 7, 2,		58, 643, 645, 643, 645, 8, 2		
125, 669, 693, 669, 677, 1, 1,		0, 0, 0, 0, 0, 0, 0,			119, 715, 728, 715, 728, 3, 2,		0, 0, 0, 0, 0, 0, 0,			0, 0, 0, 0, 0, 0, 0,			116, 582, 643, 582, 643, 6, 2,		46, 658, 660, 658, 660, 7, 1,		35, 645, 647, 645, 647, 8, 1		
120, 677, 681, 677, 681, 1, 2,		0, 0, 0, 0, 0, 0, 0,			191, 727, 735, 728, 732, 3, 1,		0, 0, 0, 0, 0, 0, 0,			0, 0, 0, 0, 0, 0, 0,			131, 643, 649, 643, 649, 6, 1,		121, 660, 662, 660, 662, 7, 1,		201, 647, 658, 647, 658, 8, 2		
181, 681, 705, 681, 689, 1, 1,		0, 0, 0, 0, 0, 0, 0,			203, 732, 743, 732, 742, 3, 2,		0, 0, 0, 0, 0, 0, 0,			0, 0, 0, 0, 0, 0, 0,			107, 658, 682, 658, 682, 6, 2,		70, 662, 672, 662, 672, 7, 1,		107, 658, 682, 658, 682, 8, 2		
66, 689, 693, 689, 693, 1, 1,		0, 0, 0, 0, 0, 0, 0,			198, 742, 772, 742, 772, 3, 1,		0, 0, 0, 0, 0, 0, 0,			0, 0, 0, 0, 0, 0, 0,			87, 682, 694, 682, 694, 6, 2,		87, 682, 694, 682, 694, 7, 2,		32, 682, 684, 682, 684, 8, 1		
24, 693, 699, 693, 699, 1, 1,		0, 0, 0, 0, 0, 0, 0,			36, 772, 774, 772, 774, 3, 1,		0, 0, 0, 0, 0, 0, 0,			0, 0, 0, 0, 0, 0, 0,			22, 694, 702, 694, 702, 6, 2,		22, 694, 702, 694, 702, 7, 2,		118, 684, 726, 684, 726, 8, 1		
19, 699, 701, 699, 701, 1, 2,		0, 0, 0, 0, 0, 0, 0,			155, 774, 776, 774, 776, 3, 1,		0, 0, 0, 0, 0, 0, 0,			0, 0, 0, 0, 0, 0, 0,			101, 705, 723, 705, 723, 6, 4,		101, 705, 723, 705, 723, 7, 4,		80, 726, 734, 726, 734, 8, 2		
64, 701, 703, 701, 703, 1, 1,		0, 0, 0, 0, 0, 0, 0,			192, 776, 778, 776, 778, 3, 1,		0, 0, 0, 0, 0, 0, 0,			0, 0, 0, 0, 0, 0, 0,			67, 723, 727, 723, 726, 6, 1,		57, 727, 733, 727, 733, 7, 1,		188, 734, 738, 734, 738, 8, 1		
124, 703, 705, 703, 705, 1, 1,		0, 0, 0, 0, 0, 0, 0,			187, 775, 786, 783, 786, 3, 2,		0, 0, 0, 0, 0, 0, 0,			0, 0, 0, 0, 0, 0, 0,			80, 726, 734, 726, 734, 6, 2,		160, 734, 746, 734, 738, 7, 2,		160, 734, 746, 738, 746, 8, 2		
154, 705, 709, 705, 709, 1, 2,		0, 0, 0, 0, 0, 0, 0,			0, 0, 0, 0, 0, 0, 0,			0, 0, 0, 0, 0, 0, 0,			0, 0, 0, 0, 0, 0, 0,			160, 734, 746, 734, 746, 6, 2,		17, 746, 752, 746, 752, 7, 2,		17, 746, 752, 746, 752, 8, 2		
114, 709, 712, 709, 712, 1, 2,		0, 0, 0, 0, 0, 0, 0,			0, 0, 0, 0, 0, 0, 0,			0, 0, 0, 0, 0, 0, 0,			0, 0, 0, 0, 0, 0, 0,			4, 752, 755, 752, 755, 6, 0,		4, 752, 755, 752, 755, 7, 0,		62, 752, 756, 752, 756, 8, 1		
29, 712, 720, 712, 720, 1, 1,		0, 0, 0, 0, 0, 0, 0,			0, 0, 0, 0, 0, 0, 0,			0, 0, 0, 0, 0, 0, 0,			0, 0, 0, 0, 0, 0, 0,			0, 0, 0, 0, 0, 0, 0,			0, 0, 0, 0, 0, 0, 0,			0, 0, 0, 0, 0, 0, 0			
129, 720, 727, 720, 727, 1, 1,		0, 0, 0, 0, 0, 0, 0,			0, 0, 0, 0, 0, 0, 0,			0, 0, 0, 0, 0, 0, 0,			0, 0, 0, 0, 0, 0, 0,			0, 0, 0, 0, 0, 0, 0,			0, 0, 0, 0, 0, 0, 0,			0, 0, 0, 0, 0, 0, 0			
30, 728, 732, 728, 732, 1, 1,		0, 0, 0, 0, 0, 0, 0,			0, 0, 0, 0, 0, 0, 0,			0, 0, 0, 0, 0, 0, 0,			0, 0, 0, 0, 0, 0, 0,			0, 0, 0, 0, 0, 0, 0,			0, 0, 0, 0, 0, 0, 0,			0, 0, 0, 0, 0, 0, 0			
191, 727, 735, 732, 735, 1, 1,		0, 0, 0, 0, 0, 0, 0,			0, 0, 0, 0, 0, 0, 0,			0, 0, 0, 0, 0, 0, 0,			0, 0, 0, 0, 0, 0, 0,			0, 0, 0, 0, 0, 0, 0,			0, 0, 0, 0, 0, 0, 0,			0, 0, 0, 0, 0, 0, 0			
77, 735, 747, 735, 742, 1, 1,		0, 0, 0, 0, 0, 0, 0,			0, 0, 0, 0, 0, 0, 0,			0, 0, 0, 0, 0, 0, 0,			0, 0, 0, 0, 0, 0, 0,			0, 0, 0, 0, 0, 0, 0,			0, 0, 0, 0, 0, 0, 0,			0, 0, 0, 0, 0, 0, 0			
37, 743, 747, 743, 747, 1, 2,		0, 0, 0, 0, 0, 0, 0,			0, 0, 0, 0, 0, 0, 0,			0, 0, 0, 0, 0, 0, 0,			0, 0, 0, 0, 0, 0, 0,			0, 0, 0, 0, 0, 0, 0,			0, 0, 0, 0, 0, 0, 0,			0, 0, 0, 0, 0, 0, 0			
106, 750, 782, 750, 782, 1, 1,		0, 0, 0, 0, 0, 0, 0,			0, 0, 0, 0, 0, 0, 0,			0, 0, 0, 0, 0, 0, 0,			0, 0, 0, 0, 0, 0, 0,			0, 0, 0, 0, 0, 0, 0,			0, 0, 0, 0, 0, 0, 0,			0, 0, 0, 0, 0, 0, 0			
0, 0, 0, 0, 0, 0, 0,			0, 0, 0, 0, 0, 0, 0,			0, 0, 0, 0, 0, 0, 0,			0, 0, 0, 0, 0, 0, 0,			0, 0, 0, 0, 0, 0, 0,			0, 0, 0, 0, 0, 0, 0,			0, 0, 0, 0, 0, 0, 0,			0, 0, 0, 0, 0, 0, 0			
0, 0, 0, 0, 0, 0, 0,			0, 0, 0, 0, 0, 0, 0,			0, 0, 0, 0, 0, 0, 0,			0, 0, 0, 0, 0, 0, 0,			0, 0, 0, 0, 0, 0, 0,			0, 0, 0, 0, 0, 0, 0,			0, 0, 0, 0, 0, 0, 0,			0, 0, 0, 0, 0, 0, 0			
0, 0, 0, 0, 0, 0, 0,			0, 0, 0, 0, 0, 0, 0,			0, 0, 0, 0, 0, 0, 0,			0, 0, 0, 0, 0, 0, 0,			0, 0, 0, 0, 0, 0, 0,			0, 0, 0, 0, 0, 0, 0,			0, 0, 0, 0, 0, 0, 0,			0, 0, 0, 0, 0, 0, 0			
0, 0, 0, 0, 0, 0, 0,			0, 0, 0, 0, 0, 0, 0,			0, 0, 0, 0, 0, 0, 0,			0, 0, 0, 0, 0, 0, 0,			0, 0, 0, 0, 0, 0, 0,			0, 0, 0, 0, 0, 0, 0,			0, 0, 0, 0, 0, 0, 0,			0, 0, 0, 0, 0, 0, 0			
0, 0, 0, 0, 0, 0, 0,			0, 0, 0, 0, 0, 0, 0,			0, 0, 0, 0, 0, 0, 0,			0, 0, 0, 0, 0, 0, 0,			0, 0, 0, 0, 0, 0, 0,			0, 0, 0, 0, 0, 0, 0,			0, 0, 0, 0, 0, 0, 0,			0, 0, 0, 0, 0, 0, 0			
0, 0, 0, 0, 0, 0, 0,			0, 0, 0, 0, 0, 0, 0,			0, 0, 0, 0, 0, 0, 0,			0, 0, 0, 0, 0, 0, 0,			0, 0, 0, 0, 0, 0, 0,			0, 0, 0, 0, 0, 0, 0,			0, 0, 0, 0, 0, 0, 0,			0, 0, 0, 0, 0, 0, 0			
0, 0, 0, 0, 0, 0, 0,			0, 0, 0, 0, 0, 0, 0,			0, 0, 0, 0, 0, 0, 0,			0, 0, 0, 0, 0, 0, 0,			0, 0, 0, 0, 0, 0, 0,			0, 0, 0, 0, 0, 0, 0,			0, 0, 0, 0, 0, 0, 0,			0, 0, 0, 0, 0, 0, 0			
0, 0, 0, 0, 0, 0, 0,			0, 0, 0, 0, 0, 0, 0,			0, 0, 0, 0, 0, 0, 0,			0, 0, 0, 0, 0, 0, 0,			0, 0, 0, 0, 0, 0, 0,			0, 0, 0, 0, 0, 0, 0,			0, 0, 0, 0, 0, 0, 0,			0, 0, 0, 0, 0, 0, 0			
0, 0, 0, 0, 0, 0, 0,			0, 0, 0, 0, 0, 0, 0,			0, 0, 0, 0, 0, 0, 0,			0, 0, 0, 0, 0, 0, 0,			0, 0, 0, 0, 0, 0, 0,			0, 0, 0, 0, 0, 0, 0,			0, 0, 0, 0, 0, 0, 0,			0, 0, 0, 0, 0, 0, 0			
0, 0, 0, 0, 0, 0, 0,			0, 0, 0, 0, 0, 0, 0,			0, 0, 0, 0, 0, 0, 0,			0, 0, 0, 0, 0, 0, 0,			0, 0, 0, 0, 0, 0, 0,			0, 0, 0, 0, 0, 0, 0,			0, 0, 0, 0, 0, 0, 0,			0, 0, 0, 0, 0, 0, 0			
0, 0, 0, 0, 0, 0, 0,			0, 0, 0, 0, 0, 0, 0,			0, 0, 0, 0, 0, 0, 0,			0, 0, 0, 0, 0, 0, 0,			0, 0, 0, 0, 0, 0, 0,			0, 0, 0, 0, 0, 0, 0,			0, 0, 0, 0, 0, 0, 0,			0, 0, 0, 0, 0, 0, 0			
0, 0, 0, 0, 0, 0, 0,			0, 0, 0, 0, 0, 0, 0,			0, 0, 0, 0, 0, 0, 0,			0, 0, 0, 0, 0, 0, 0,			0, 0, 0, 0, 0, 0, 0,			0, 0, 0, 0, 0, 0, 0,			0, 0, 0, 0, 0, 0, 0,			0, 0, 0, 0, 0, 0, 0			
0, 0, 0, 0, 0, 0, 0,			0, 0, 0, 0, 0, 0, 0,			0, 0, 0, 0, 0, 0, 0,			0, 0, 0, 0, 0, 0, 0,			0, 0, 0, 0, 0, 0, 0,			0, 0, 0, 0, 0, 0, 0,			0, 0, 0, 0, 0, 0, 0,			0, 0, 0, 0, 0, 0, 0			
0, 0, 0, 0, 0, 0, 0,			0, 0, 0, 0, 0, 0, 0,			0, 0, 0, 0, 0, 0, 0,			0, 0, 0, 0, 0, 0, 0,			0, 0, 0, 0, 0, 0, 0,			0, 0, 0, 0, 0, 0, 0,			0, 0, 0, 0, 0, 0, 0,			0, 0, 0, 0, 0, 0, 0			
0, 0, 0, 0, 0, 0, 0,			0, 0, 0, 0, 0, 0, 0,			0, 0, 0, 0, 0, 0, 0,			0, 0, 0, 0, 0, 0, 0,			0, 0, 0, 0, 0, 0, 0,			0, 0, 0, 0, 0, 0, 0,			0, 0, 0, 0, 0, 0, 0,			0, 0, 0, 0, 0, 0, 0			
