Area1_1.Task, Area1_1.TaskBeginning, Area1_1.TaskEnd, Area1_1StartInThisArea, Area1_1EndInThisArea, Area1_1.Worker, Area1_1.NumberOfWorkers, Area1_2.Task, Area1_2.TaskBeginning, Area1_2.TaskEnd, Area1_2StartInThisArea, Area1_2EndInThisArea, Area1_2.Worker, Area1_2.NumberOfWorkers, Area1_3.Task, Area1_3.TaskBeginning, Area1_3.TaskEnd, Area1_3StartInThisArea, Area1_3EndInThisArea, Area1_3.Worker, Area1_3.NumberOfWorkers, Area1_4.Task, Area1_4.TaskBeginning, Area1_4.TaskEnd, Area1_4StartInThisArea, Area1_4EndInThisArea, Area1_4.Worker, Area1_4.NumberOfWorkers, Area1_5.Task, Area1_5.TaskBeginning, Area1_5.TaskEnd, Area1_5StartInThisArea, Area1_5EndInThisArea, Area1_5.Worker, Area1_5.NumberOfWorkers, Area2_1.Task, Area2_1.TaskBeginning, Area2_1.TaskEnd, Area2_1StartInThisArea, Area2_1EndInThisArea, Area2_1.Worker, Area2_1.NumberOfWorkers, Area2_2.Task, Area2_2.TaskBeginning, Area2_2.TaskEnd, Area2_2StartInThisArea, Area2_2EndInThisArea, Area2_2.Worker, Area2_2.NumberOfWorkers, Area2_3.Task, Area2_3.TaskBeginning, Area2_3.TaskEnd, Area2_3StartInThisArea, Area2_3EndInThisArea, Area2_3.Worker, Area2_3.NumberOfWorkers
56, 0, 30, 0, 2, 1, 2,		56, 0, 30, 0, 30, 2, 2,		27, 0, 2, 0, 2, 3, 2,		38, 2, 7, 2, 7, 4, 2,		27, 0, 2, 0, 2, 5, 2,		128, 0, 125, 0, 125, 6, 2,		128, 0, 125, 0, 125, 7, 2,		7, 125, 139, 125, 139, 8, 2		
60, 2, 4, 2, 4, 1, 1,		91, 31, 36, 31, 36, 2, 2,		28, 7, 26, 7, 26, 3, 2,		77, 26, 31, 26, 30, 4, 2,		38, 2, 7, 2, 7, 5, 2,		7, 125, 139, 125, 139, 6, 2,		102, 139, 165, 139, 165, 7, 2,		102, 139, 165, 139, 165, 8, 2		
82, 4, 42, 4, 30, 1, 1,		82, 4, 42, 36, 41, 2, 1,		142, 30, 80, 30, 80, 3, 2,		142, 30, 80, 30, 80, 4, 2,		28, 7, 26, 7, 26, 5, 2,		113, 165, 186, 165, 186, 6, 2,		105, 165, 173, 165, 173, 7, 1,		113, 165, 186, 165, 186, 8, 2		
82, 4, 42, 31, 36, 1, 1,		52, 41, 46, 41, 46, 2, 2,		1, 66, 84, 80, 84, 3, 2,		1, 66, 84, 80, 84, 4, 2,		77, 26, 31, 26, 31, 5, 2,		129, 212, 232, 212, 232, 6, 2,		41, 186, 212, 186, 212, 7, 2,		41, 186, 212, 186, 212, 8, 2		
93, 36, 41, 36, 41, 1, 2,		81, 44, 51, 46, 51, 2, 1,		35, 84, 104, 84, 104, 3, 2,		35, 84, 104, 84, 104, 4, 2,		93, 36, 41, 36, 41, 5, 2,		114, 237, 253, 237, 253, 6, 2,		10, 232, 237, 232, 237, 7, 2,		129, 212, 232, 212, 232, 8, 2		
133, 42, 44, 42, 44, 1, 1,		112, 51, 58, 51, 58, 2, 1,		43, 104, 114, 104, 114, 3, 2,		43, 104, 114, 104, 114, 4, 2,		81, 44, 51, 44, 46, 5, 1,		26, 279, 293, 279, 293, 6, 2,		36, 253, 279, 253, 279, 7, 2,		10, 232, 237, 232, 237, 8, 2		
52, 41, 46, 44, 46, 1, 2,		109, 58, 62, 58, 62, 2, 1,		21, 116, 117, 116, 119, 3, 1,		120, 114, 119, 114, 119, 4, 2,		117, 46, 66, 46, 66, 5, 2,		78, 293, 309, 293, 309, 6, 2,		90, 279, 287, 279, 287, 7, 1,		114, 237, 253, 237, 253, 8, 2		
117, 46, 66, 46, 66, 1, 2,		153, 62, 66, 62, 66, 2, 1,		110, 119, 144, 119, 144, 3, 2,		110, 119, 144, 119, 144, 4, 2,		1, 66, 84, 66, 80, 5, 2,		29, 309, 330, 309, 330, 6, 2,		29, 309, 330, 309, 330, 7, 2,		36, 253, 279, 253, 279, 8, 2		
3, 66, 69, 66, 69, 1, 1,		1, 66, 84, 66, 80, 2, 2,		49, 168, 173, 168, 173, 3, 2,		14, 144, 149, 144, 149, 4, 2,		79, 80, 124, 80, 124, 5, 2,		23, 330, 356, 330, 356, 6, 2,		34, 356, 370, 356, 370, 7, 2,		26, 279, 293, 279, 293, 8, 2		
124, 69, 114, 69, 114, 1, 1,		79, 80, 124, 80, 124, 2, 2,		123, 173, 193, 173, 178, 3, 2,		20, 149, 178, 149, 168, 4, 2,		70, 133, 138, 133, 138, 5, 1,		34, 356, 370, 356, 370, 6, 2,		22, 370, 375, 370, 375, 7, 2,		78, 293, 309, 293, 309, 8, 2		
120, 114, 119, 115, 119, 1, 2,		146, 124, 168, 124, 168, 2, 2,		17, 178, 228, 178, 228, 3, 2,		17, 178, 228, 178, 193, 4, 2,		154, 138, 142, 138, 142, 5, 1,		22, 370, 375, 370, 375, 6, 2,		12, 395, 397, 395, 397, 7, 2,		23, 330, 356, 330, 356, 8, 2		
88, 119, 126, 119, 126, 1, 1,		20, 149, 178, 168, 178, 2, 2,		51, 225, 240, 228, 240, 3, 1,		136, 202, 210, 202, 210, 4, 1,		14, 144, 149, 144, 149, 5, 2,		156, 470, 485, 470, 485, 6, 1,		18, 435, 456, 435, 456, 7, 1,		12, 395, 397, 395, 397, 8, 2		
111, 126, 128, 126, 128, 1, 1,		123, 173, 193, 178, 193, 2, 2,		116, 240, 248, 240, 248, 3, 1,		15, 210, 225, 210, 225, 4, 1,		20, 149, 178, 149, 168, 5, 2,		62, 567, 573, 567, 573, 6, 2,		157, 531, 567, 531, 567, 7, 1,		32, 397, 404, 397, 404, 8, 1		
151, 128, 133, 128, 133, 1, 1,		17, 178, 228, 193, 228, 2, 2,		158, 248, 259, 248, 250, 3, 1,		25, 225, 250, 225, 250, 4, 2,		49, 168, 173, 168, 173, 5, 2,		0, 574, 589, 574, 589, 6, 2,		5, 589, 593, 589, 593, 7, 1,		107, 404, 406, 404, 406, 8, 1		
146, 124, 168, 133, 168, 1, 2,		25, 225, 250, 228, 250, 2, 2,		9, 250, 255, 250, 255, 3, 2,		9, 250, 255, 250, 255, 4, 2,		123, 173, 193, 173, 178, 5, 2,		0, 0, 0, 0, 0, 0, 0,			0, 0, 0, 0, 0, 0, 0,			155, 406, 417, 406, 417, 8, 1		
20, 149, 178, 168, 178, 1, 2,		106, 228, 259, 250, 259, 2, 2,		158, 248, 259, 255, 259, 3, 1,		137, 255, 260, 255, 259, 4, 2,		85, 193, 197, 193, 197, 5, 2,		0, 0, 0, 0, 0, 0, 0,			0, 0, 0, 0, 0, 0, 0,			84, 417, 435, 417, 435, 8, 1		
123, 173, 193, 178, 193, 1, 2,		73, 259, 274, 260, 274, 2, 2,		16, 260, 270, 260, 270, 3, 2,		16, 260, 270, 260, 270, 4, 2,		104, 197, 225, 197, 225, 5, 2,		0, 0, 0, 0, 0, 0, 0,			0, 0, 0, 0, 0, 0, 0,			122, 456, 470, 456, 470, 8, 1		
85, 193, 197, 193, 197, 1, 2,		138, 274, 282, 274, 282, 2, 2,		6, 270, 276, 270, 276, 3, 2,		6, 270, 276, 270, 274, 4, 2,		25, 225, 250, 225, 228, 5, 2,		0, 0, 0, 0, 0, 0, 0,			0, 0, 0, 0, 0, 0, 0,			86, 485, 531, 485, 531, 8, 1		
53, 197, 200, 197, 200, 1, 1,		37, 281, 285, 282, 285, 2, 2,		40, 276, 281, 276, 281, 3, 2,		138, 274, 282, 274, 282, 4, 2,		106, 228, 259, 228, 259, 5, 2,		0, 0, 0, 0, 0, 0, 0,			0, 0, 0, 0, 0, 0, 0,			62, 567, 573, 567, 573, 8, 2		
95, 200, 202, 200, 202, 1, 1,		63, 282, 287, 285, 287, 2, 2,		63, 282, 287, 282, 285, 3, 2,		63, 282, 287, 282, 285, 4, 2,		73, 259, 274, 259, 274, 5, 2,		0, 0, 0, 0, 0, 0, 0,			0, 0, 0, 0, 0, 0, 0,			0, 574, 589, 574, 589, 8, 2		
104, 197, 225, 202, 225, 1, 2,		55, 287, 307, 287, 307, 2, 2,		19, 286, 288, 286, 288, 3, 2,		19, 286, 288, 286, 288, 4, 2,		6, 270, 276, 274, 276, 5, 2,		0, 0, 0, 0, 0, 0, 0,			0, 0, 0, 0, 0, 0, 0,			0, 0, 0, 0, 0, 0, 0			
51, 225, 240, 225, 228, 1, 1,		4, 293, 315, 307, 315, 2, 2,		44, 288, 293, 288, 293, 3, 2,		44, 288, 293, 288, 293, 4, 2,		40, 276, 281, 276, 281, 5, 2,		0, 0, 0, 0, 0, 0, 0,			0, 0, 0, 0, 0, 0, 0,			0, 0, 0, 0, 0, 0, 0			
106, 228, 259, 228, 250, 1, 2,		119, 312, 342, 315, 342, 2, 2,		4, 293, 315, 293, 315, 3, 2,		125, 288, 308, 293, 308, 4, 1,		37, 281, 285, 281, 285, 5, 2,		0, 0, 0, 0, 0, 0, 0,			0, 0, 0, 0, 0, 0, 0,			0, 0, 0, 0, 0, 0, 0			
158, 248, 259, 250, 255, 1, 1,		103, 342, 360, 342, 360, 2, 2,		45, 315, 320, 315, 320, 3, 2,		68, 307, 312, 308, 312, 4, 2,		63, 282, 287, 285, 287, 5, 2,		0, 0, 0, 0, 0, 0, 0,			0, 0, 0, 0, 0, 0, 0,			0, 0, 0, 0, 0, 0, 0			
137, 255, 260, 255, 260, 1, 2,		148, 360, 380, 360, 380, 2, 2,		13, 320, 325, 320, 325, 3, 2,		119, 312, 342, 312, 342, 4, 2,		55, 287, 307, 287, 307, 5, 2,		0, 0, 0, 0, 0, 0, 0,			0, 0, 0, 0, 0, 0, 0,			0, 0, 0, 0, 0, 0, 0			
24, 259, 261, 260, 285, 1, 1,		121, 376, 436, 380, 436, 2, 2,		57, 325, 350, 325, 350, 3, 2,		103, 342, 360, 342, 360, 4, 2,		68, 307, 312, 307, 312, 5, 2,		0, 0, 0, 0, 0, 0, 0,			0, 0, 0, 0, 0, 0, 0,			0, 0, 0, 0, 0, 0, 0			
97, 286, 288, 286, 288, 1, 1,		118, 436, 442, 436, 442, 2, 2,		141, 330, 365, 350, 360, 3, 1,		141, 330, 365, 360, 365, 4, 1,		119, 312, 342, 312, 315, 5, 2,		0, 0, 0, 0, 0, 0, 0,			0, 0, 0, 0, 0, 0, 0,			0, 0, 0, 0, 0, 0, 0			
125, 288, 308, 288, 293, 1, 1,		149, 442, 464, 442, 464, 2, 2,		148, 360, 380, 360, 380, 3, 2,		80, 365, 390, 365, 376, 4, 1,		45, 315, 320, 315, 320, 5, 2,		0, 0, 0, 0, 0, 0, 0,			0, 0, 0, 0, 0, 0, 0,			0, 0, 0, 0, 0, 0, 0			
4, 293, 315, 293, 307, 1, 2,		132, 478, 490, 478, 490, 2, 2,		72, 380, 395, 380, 395, 3, 2,		121, 376, 436, 376, 436, 4, 2,		13, 320, 325, 320, 325, 5, 2,		0, 0, 0, 0, 0, 0, 0,			0, 0, 0, 0, 0, 0, 0,			0, 0, 0, 0, 0, 0, 0			
31, 308, 316, 308, 316, 1, 1,		147, 490, 495, 490, 495, 2, 2,		150, 395, 400, 395, 400, 3, 2,		143, 435, 457, 436, 457, 4, 2,		57, 325, 350, 325, 350, 5, 2,		0, 0, 0, 0, 0, 0, 0,			0, 0, 0, 0, 0, 0, 0,			0, 0, 0, 0, 0, 0, 0			
98, 316, 318, 316, 318, 1, 1,		71, 495, 505, 495, 505, 2, 2,		130, 395, 405, 400, 405, 3, 1,		65, 464, 474, 464, 474, 4, 2,		33, 350, 376, 350, 376, 5, 2,		0, 0, 0, 0, 0, 0, 0,			0, 0, 0, 0, 0, 0, 0,			0, 0, 0, 0, 0, 0, 0			
30, 318, 324, 318, 324, 1, 1,		134, 505, 515, 505, 515, 2, 2,		108, 410, 435, 410, 435, 3, 2,		59, 478, 490, 478, 490, 4, 2,		121, 376, 436, 376, 380, 5, 2,		0, 0, 0, 0, 0, 0, 0,			0, 0, 0, 0, 0, 0, 0,			0, 0, 0, 0, 0, 0, 0			
152, 324, 328, 324, 328, 1, 1,		92, 516, 526, 516, 520, 2, 2,		118, 436, 442, 436, 442, 3, 2,		71, 495, 505, 495, 505, 4, 2,		72, 380, 395, 380, 395, 5, 2,		0, 0, 0, 0, 0, 0, 0,			0, 0, 0, 0, 0, 0, 0,			0, 0, 0, 0, 0, 0, 0			
75, 328, 330, 328, 330, 1, 1,		115, 526, 542, 526, 530, 2, 2,		149, 442, 464, 442, 464, 3, 2,		8, 515, 520, 515, 520, 4, 2,		150, 395, 400, 395, 400, 5, 2,		0, 0, 0, 0, 0, 0, 0,			0, 0, 0, 0, 0, 0, 0,			0, 0, 0, 0, 0, 0, 0			
141, 330, 365, 330, 350, 1, 1,		67, 530, 540, 530, 540, 2, 2,		65, 464, 474, 464, 474, 3, 2,		92, 516, 526, 520, 526, 4, 2,		69, 400, 410, 400, 410, 5, 2,		0, 0, 0, 0, 0, 0, 0,			0, 0, 0, 0, 0, 0, 0,			0, 0, 0, 0, 0, 0, 0			
33, 350, 376, 350, 376, 1, 2,		94, 540, 550, 540, 550, 2, 2,		135, 474, 476, 474, 476, 3, 1,		115, 526, 542, 526, 530, 4, 2,		143, 435, 457, 435, 457, 5, 2,		0, 0, 0, 0, 0, 0, 0,			0, 0, 0, 0, 0, 0, 0,			0, 0, 0, 0, 0, 0, 0			
80, 365, 390, 376, 390, 1, 1,		61, 550, 565, 550, 565, 2, 2,		59, 478, 490, 478, 490, 3, 2,		67, 530, 540, 530, 540, 4, 2,		66, 457, 478, 457, 478, 5, 2,		0, 0, 0, 0, 0, 0, 0,			0, 0, 0, 0, 0, 0, 0,			0, 0, 0, 0, 0, 0, 0			
145, 390, 395, 390, 395, 1, 1,		96, 567, 569, 567, 569, 2, 1,		2, 490, 516, 490, 495, 3, 2,		115, 526, 542, 540, 542, 4, 2,		132, 478, 490, 478, 490, 5, 2,		0, 0, 0, 0, 0, 0, 0,			0, 0, 0, 0, 0, 0, 0,			0, 0, 0, 0, 0, 0, 0			
130, 395, 405, 395, 400, 1, 1,		54, 577, 579, 577, 579, 2, 1,		134, 505, 515, 505, 515, 3, 2,		94, 540, 550, 542, 550, 4, 2,		147, 490, 495, 490, 495, 5, 2,		0, 0, 0, 0, 0, 0, 0,			0, 0, 0, 0, 0, 0, 0,			0, 0, 0, 0, 0, 0, 0			
69, 400, 410, 400, 410, 1, 2,		131, 577, 592, 579, 592, 2, 2,		92, 516, 526, 516, 526, 3, 2,		61, 550, 565, 550, 565, 4, 2,		2, 490, 516, 495, 516, 5, 2,		0, 0, 0, 0, 0, 0, 0,			0, 0, 0, 0, 0, 0, 0,			0, 0, 0, 0, 0, 0, 0			
139, 410, 412, 410, 412, 1, 1,		58, 592, 604, 592, 604, 2, 2,		42, 526, 528, 526, 528, 3, 1,		126, 565, 580, 565, 580, 4, 2,		8, 515, 520, 516, 520, 5, 2,		0, 0, 0, 0, 0, 0, 0,			0, 0, 0, 0, 0, 0, 0,			0, 0, 0, 0, 0, 0, 0			
108, 410, 435, 412, 435, 1, 2,		0, 0, 0, 0, 0, 0, 0,			115, 526, 542, 530, 540, 3, 2,		58, 592, 604, 592, 604, 4, 2,		140, 520, 530, 520, 530, 5, 2,		0, 0, 0, 0, 0, 0, 0,			0, 0, 0, 0, 0, 0, 0,			0, 0, 0, 0, 0, 0, 0			
87, 442, 443, 442, 457, 1, 1,		0, 0, 0, 0, 0, 0, 0,			39, 542, 552, 550, 552, 3, 2,		0, 0, 0, 0, 0, 0, 0,			115, 526, 542, 530, 542, 5, 2,		0, 0, 0, 0, 0, 0, 0,			0, 0, 0, 0, 0, 0, 0,			0, 0, 0, 0, 0, 0, 0			
66, 457, 478, 457, 478, 1, 2,		0, 0, 0, 0, 0, 0, 0,			101, 552, 558, 552, 558, 3, 2,		0, 0, 0, 0, 0, 0, 0,			39, 542, 552, 542, 550, 5, 2,		0, 0, 0, 0, 0, 0, 0,			0, 0, 0, 0, 0, 0, 0,			0, 0, 0, 0, 0, 0, 0			
2, 490, 516, 490, 516, 1, 2,		0, 0, 0, 0, 0, 0, 0,			48, 558, 567, 558, 567, 3, 2,		0, 0, 0, 0, 0, 0, 0,			47, 550, 552, 550, 552, 5, 1,		0, 0, 0, 0, 0, 0, 0,			0, 0, 0, 0, 0, 0, 0,			0, 0, 0, 0, 0, 0, 0			
64, 515, 517, 516, 520, 1, 1,		0, 0, 0, 0, 0, 0, 0,			144, 567, 576, 567, 576, 3, 2,		0, 0, 0, 0, 0, 0, 0,			48, 558, 567, 558, 567, 5, 2,		0, 0, 0, 0, 0, 0, 0,			0, 0, 0, 0, 0, 0, 0,			0, 0, 0, 0, 0, 0, 0			
140, 520, 530, 520, 530, 1, 2,		0, 0, 0, 0, 0, 0, 0,			131, 577, 592, 577, 592, 3, 2,		0, 0, 0, 0, 0, 0, 0,			144, 567, 576, 567, 576, 5, 2,		0, 0, 0, 0, 0, 0, 0,			0, 0, 0, 0, 0, 0, 0,			0, 0, 0, 0, 0, 0, 0			
94, 540, 550, 540, 542, 1, 2,		0, 0, 0, 0, 0, 0, 0,			0, 0, 0, 0, 0, 0, 0,			0, 0, 0, 0, 0, 0, 0,			131, 577, 592, 577, 579, 5, 2,		0, 0, 0, 0, 0, 0, 0,			0, 0, 0, 0, 0, 0, 0,			0, 0, 0, 0, 0, 0, 0			
39, 542, 552, 542, 552, 1, 2,		0, 0, 0, 0, 0, 0, 0,			0, 0, 0, 0, 0, 0, 0,			0, 0, 0, 0, 0, 0, 0,			76, 580, 602, 580, 602, 5, 2,		0, 0, 0, 0, 0, 0, 0,			0, 0, 0, 0, 0, 0, 0,			0, 0, 0, 0, 0, 0, 0			
101, 552, 558, 552, 558, 1, 2,		0, 0, 0, 0, 0, 0, 0,			0, 0, 0, 0, 0, 0, 0,			0, 0, 0, 0, 0, 0, 0,			0, 0, 0, 0, 0, 0, 0,			0, 0, 0, 0, 0, 0, 0,			0, 0, 0, 0, 0, 0, 0,			0, 0, 0, 0, 0, 0, 0			
100, 558, 559, 558, 565, 1, 1,		0, 0, 0, 0, 0, 0, 0,			0, 0, 0, 0, 0, 0, 0,			0, 0, 0, 0, 0, 0, 0,			0, 0, 0, 0, 0, 0, 0,			0, 0, 0, 0, 0, 0, 0,			0, 0, 0, 0, 0, 0, 0,			0, 0, 0, 0, 0, 0, 0			
126, 565, 580, 565, 576, 1, 2,		0, 0, 0, 0, 0, 0, 0,			0, 0, 0, 0, 0, 0, 0,			0, 0, 0, 0, 0, 0, 0,			0, 0, 0, 0, 0, 0, 0,			0, 0, 0, 0, 0, 0, 0,			0, 0, 0, 0, 0, 0, 0,			0, 0, 0, 0, 0, 0, 0			
126, 565, 580, 577, 580, 1, 2,		0, 0, 0, 0, 0, 0, 0,			0, 0, 0, 0, 0, 0, 0,			0, 0, 0, 0, 0, 0, 0,			0, 0, 0, 0, 0, 0, 0,			0, 0, 0, 0, 0, 0, 0,			0, 0, 0, 0, 0, 0, 0,			0, 0, 0, 0, 0, 0, 0			
76, 580, 602, 580, 602, 1, 2,		0, 0, 0, 0, 0, 0, 0,			0, 0, 0, 0, 0, 0, 0,			0, 0, 0, 0, 0, 0, 0,			0, 0, 0, 0, 0, 0, 0,			0, 0, 0, 0, 0, 0, 0,			0, 0, 0, 0, 0, 0, 0,			0, 0, 0, 0, 0, 0, 0			
0, 0, 0, 0, 0, 0, 0,			0, 0, 0, 0, 0, 0, 0,			0, 0, 0, 0, 0, 0, 0,			0, 0, 0, 0, 0, 0, 0,			0, 0, 0, 0, 0, 0, 0,			0, 0, 0, 0, 0, 0, 0,			0, 0, 0, 0, 0, 0, 0,			0, 0, 0, 0, 0, 0, 0			
0, 0, 0, 0, 0, 0, 0,			0, 0, 0, 0, 0, 0, 0,			0, 0, 0, 0, 0, 0, 0,			0, 0, 0, 0, 0, 0, 0,			0, 0, 0, 0, 0, 0, 0,			0, 0, 0, 0, 0, 0, 0,			0, 0, 0, 0, 0, 0, 0,			0, 0, 0, 0, 0, 0, 0			
0, 0, 0, 0, 0, 0, 0,			0, 0, 0, 0, 0, 0, 0,			0, 0, 0, 0, 0, 0, 0,			0, 0, 0, 0, 0, 0, 0,			0, 0, 0, 0, 0, 0, 0,			0, 0, 0, 0, 0, 0, 0,			0, 0, 0, 0, 0, 0, 0,			0, 0, 0, 0, 0, 0, 0			
0, 0, 0, 0, 0, 0, 0,			0, 0, 0, 0, 0, 0, 0,			0, 0, 0, 0, 0, 0, 0,			0, 0, 0, 0, 0, 0, 0,			0, 0, 0, 0, 0, 0, 0,			0, 0, 0, 0, 0, 0, 0,			0, 0, 0, 0, 0, 0, 0,			0, 0, 0, 0, 0, 0, 0			
0, 0, 0, 0, 0, 0, 0,			0, 0, 0, 0, 0, 0, 0,			0, 0, 0, 0, 0, 0, 0,			0, 0, 0, 0, 0, 0, 0,			0, 0, 0, 0, 0, 0, 0,			0, 0, 0, 0, 0, 0, 0,			0, 0, 0, 0, 0, 0, 0,			0, 0, 0, 0, 0, 0, 0			
0, 0, 0, 0, 0, 0, 0,			0, 0, 0, 0, 0, 0, 0,			0, 0, 0, 0, 0, 0, 0,			0, 0, 0, 0, 0, 0, 0,			0, 0, 0, 0, 0, 0, 0,			0, 0, 0, 0, 0, 0, 0,			0, 0, 0, 0, 0, 0, 0,			0, 0, 0, 0, 0, 0, 0			
0, 0, 0, 0, 0, 0, 0,			0, 0, 0, 0, 0, 0, 0,			0, 0, 0, 0, 0, 0, 0,			0, 0, 0, 0, 0, 0, 0,			0, 0, 0, 0, 0, 0, 0,			0, 0, 0, 0, 0, 0, 0,			0, 0, 0, 0, 0, 0, 0,			0, 0, 0, 0, 0, 0, 0			
0, 0, 0, 0, 0, 0, 0,			0, 0, 0, 0, 0, 0, 0,			0, 0, 0, 0, 0, 0, 0,			0, 0, 0, 0, 0, 0, 0,			0, 0, 0, 0, 0, 0, 0,			0, 0, 0, 0, 0, 0, 0,			0, 0, 0, 0, 0, 0, 0,			0, 0, 0, 0, 0, 0, 0			
0, 0, 0, 0, 0, 0, 0,			0, 0, 0, 0, 0, 0, 0,			0, 0, 0, 0, 0, 0, 0,			0, 0, 0, 0, 0, 0, 0,			0, 0, 0, 0, 0, 0, 0,			0, 0, 0, 0, 0, 0, 0,			0, 0, 0, 0, 0, 0, 0,			0, 0, 0, 0, 0, 0, 0			
0, 0, 0, 0, 0, 0, 0,			0, 0, 0, 0, 0, 0, 0,			0, 0, 0, 0, 0, 0, 0,			0, 0, 0, 0, 0, 0, 0,			0, 0, 0, 0, 0, 0, 0,			0, 0, 0, 0, 0, 0, 0,			0, 0, 0, 0, 0, 0, 0,			0, 0, 0, 0, 0, 0, 0			
0, 0, 0, 0, 0, 0, 0,			0, 0, 0, 0, 0, 0, 0,			0, 0, 0, 0, 0, 0, 0,			0, 0, 0, 0, 0, 0, 0,			0, 0, 0, 0, 0, 0, 0,			0, 0, 0, 0, 0, 0, 0,			0, 0, 0, 0, 0, 0, 0,			0, 0, 0, 0, 0, 0, 0			
0, 0, 0, 0, 0, 0, 0,			0, 0, 0, 0, 0, 0, 0,			0, 0, 0, 0, 0, 0, 0,			0, 0, 0, 0, 0, 0, 0,			0, 0, 0, 0, 0, 0, 0,			0, 0, 0, 0, 0, 0, 0,			0, 0, 0, 0, 0, 0, 0,			0, 0, 0, 0, 0, 0, 0			
0, 0, 0, 0, 0, 0, 0,			0, 0, 0, 0, 0, 0, 0,			0, 0, 0, 0, 0, 0, 0,			0, 0, 0, 0, 0, 0, 0,			0, 0, 0, 0, 0, 0, 0,			0, 0, 0, 0, 0, 0, 0,			0, 0, 0, 0, 0, 0, 0,			0, 0, 0, 0, 0, 0, 0			
0, 0, 0, 0, 0, 0, 0,			0, 0, 0, 0, 0, 0, 0,			0, 0, 0, 0, 0, 0, 0,			0, 0, 0, 0, 0, 0, 0,			0, 0, 0, 0, 0, 0, 0,			0, 0, 0, 0, 0, 0, 0,			0, 0, 0, 0, 0, 0, 0,			0, 0, 0, 0, 0, 0, 0			
0, 0, 0, 0, 0, 0, 0,			0, 0, 0, 0, 0, 0, 0,			0, 0, 0, 0, 0, 0, 0,			0, 0, 0, 0, 0, 0, 0,			0, 0, 0, 0, 0, 0, 0,			0, 0, 0, 0, 0, 0, 0,			0, 0, 0, 0, 0, 0, 0,			0, 0, 0, 0, 0, 0, 0			
0, 0, 0, 0, 0, 0, 0,			0, 0, 0, 0, 0, 0, 0,			0, 0, 0, 0, 0, 0, 0,			0, 0, 0, 0, 0, 0, 0,			0, 0, 0, 0, 0, 0, 0,			0, 0, 0, 0, 0, 0, 0,			0, 0, 0, 0, 0, 0, 0,			0, 0, 0, 0, 0, 0, 0			
