Area1_1.Task, Area1_1.TaskBeginning, Area1_1.TaskEnd, Area1_1StartInThisArea, Area1_1EndInThisArea, Area1_1.Worker, Area1_1.NumberOfWorkers, Area1_2.Task, Area1_2.TaskBeginning, Area1_2.TaskEnd, Area1_2StartInThisArea, Area1_2EndInThisArea, Area1_2.Worker, Area1_2.NumberOfWorkers, Area1_3.Task, Area1_3.TaskBeginning, Area1_3.TaskEnd, Area1_3StartInThisArea, Area1_3EndInThisArea, Area1_3.Worker, Area1_3.NumberOfWorkers, Area1_4.Task, Area1_4.TaskBeginning, Area1_4.TaskEnd, Area1_4StartInThisArea, Area1_4EndInThisArea, Area1_4.Worker, Area1_4.NumberOfWorkers, Area1_5.Task, Area1_5.TaskBeginning, Area1_5.TaskEnd, Area1_5StartInThisArea, Area1_5EndInThisArea, Area1_5.Worker, Area1_5.NumberOfWorkers, Area2_1.Task, Area2_1.TaskBeginning, Area2_1.TaskEnd, Area2_1StartInThisArea, Area2_1EndInThisArea, Area2_1.Worker, Area2_1.NumberOfWorkers, Area2_2.Task, Area2_2.TaskBeginning, Area2_2.TaskEnd, Area2_2StartInThisArea, Area2_2EndInThisArea, Area2_2.Worker, Area2_2.NumberOfWorkers, Area2_3.Task, Area2_3.TaskBeginning, Area2_3.TaskEnd, Area2_3StartInThisArea, Area2_3EndInThisArea, Area2_3.Worker, Area2_3.NumberOfWorkers
14, 0, 36, 0, 36, 1, 2,		14, 0, 36, 0, 36, 2, 2,		72, 0, 30, 0, 30, 3, 2,		72, 0, 30, 0, 30, 4, 2,		164, 0, 4, 0, 4, 5, 1,		39, 0, 11, 0, 11, 6, 2,		39, 0, 11, 0, 11, 7, 2,		140, 0, 16, 0, 11, 8, 1		
166, 36, 43, 36, 43, 1, 1,		195, 36, 44, 36, 44, 2, 1,		122, 30, 55, 30, 44, 3, 2,		83, 13, 58, 30, 44, 4, 1,		112, 4, 13, 4, 13, 5, 1,		140, 0, 16, 11, 16, 6, 1,		123, 16, 26, 16, 26, 7, 2,		9, 11, 36, 11, 36, 8, 1		
122, 30, 55, 44, 55, 1, 2,		83, 13, 58, 44, 46, 2, 1,		90, 44, 46, 44, 46, 3, 2,		90, 44, 46, 44, 46, 4, 2,		83, 13, 58, 13, 30, 5, 1,		123, 16, 26, 16, 26, 6, 2,		153, 26, 36, 26, 35, 7, 1,		86, 39, 44, 39, 44, 8, 1		
104, 55, 90, 55, 90, 1, 2,		122, 30, 55, 46, 55, 2, 2,		41, 46, 158, 46, 158, 3, 2,		83, 13, 58, 46, 58, 4, 1,		122, 30, 55, 30, 46, 5, 2,		13, 26, 35, 26, 35, 6, 1,		11, 36, 39, 36, 39, 7, 2,		10, 44, 60, 44, 60, 8, 1		
182, 90, 100, 90, 100, 1, 1,		104, 55, 90, 55, 90, 2, 2,		199, 142, 164, 158, 164, 3, 1,		162, 58, 76, 58, 76, 4, 1,		41, 46, 158, 46, 158, 5, 2,		11, 36, 39, 36, 39, 6, 2,		197, 39, 57, 39, 57, 7, 2,		133, 60, 73, 60, 70, 8, 1		
23, 90, 123, 100, 123, 1, 2,		23, 90, 123, 90, 123, 2, 2,		5, 164, 204, 164, 186, 3, 1,		40, 76, 79, 76, 79, 4, 1,		196, 158, 186, 158, 186, 5, 4,		197, 39, 57, 39, 57, 6, 2,		165, 57, 64, 57, 64, 7, 2,		102, 70, 76, 70, 76, 8, 2		
171, 123, 156, 123, 156, 1, 2,		171, 123, 156, 123, 156, 2, 2,		136, 186, 214, 186, 214, 3, 4,		31, 79, 83, 79, 83, 4, 1,		89, 214, 287, 214, 287, 5, 4,		165, 57, 64, 57, 64, 6, 2,		76, 64, 70, 64, 70, 7, 2,		161, 73, 89, 76, 88, 8, 1		
196, 158, 186, 158, 186, 1, 4,		196, 158, 186, 158, 186, 2, 4,		73, 204, 226, 214, 226, 3, 1,		84, 83, 88, 83, 88, 4, 1,		96, 268, 295, 287, 295, 5, 1,		76, 64, 70, 64, 70, 6, 2,		102, 70, 76, 70, 76, 7, 2,		51, 88, 112, 88, 112, 8, 2		
5, 164, 204, 186, 204, 1, 1,		136, 186, 214, 186, 214, 2, 4,		186, 226, 246, 226, 246, 3, 1,		126, 100, 109, 100, 109, 4, 1,		179, 295, 304, 295, 304, 5, 1,		133, 60, 73, 70, 73, 6, 1,		180, 76, 88, 76, 88, 7, 2,		139, 112, 141, 112, 141, 8, 2		
73, 204, 226, 204, 214, 1, 1,		89, 214, 287, 214, 287, 2, 4,		100, 246, 268, 246, 268, 3, 1,		132, 109, 116, 109, 116, 4, 1,		145, 304, 331, 304, 319, 5, 1,		161, 73, 89, 73, 76, 6, 1,		111, 89, 101, 89, 101, 7, 1,		105, 120, 192, 141, 176, 8, 1		
89, 214, 287, 214, 287, 1, 4,		135, 287, 319, 287, 319, 2, 4,		96, 268, 295, 268, 287, 3, 1,		44, 120, 142, 120, 142, 4, 1,		18, 319, 323, 319, 323, 5, 2,		180, 76, 88, 76, 88, 6, 2,		59, 101, 109, 101, 109, 7, 1,		91, 176, 202, 176, 202, 8, 2		
135, 287, 319, 287, 319, 1, 4,		47, 319, 339, 319, 339, 2, 2,		135, 287, 319, 287, 319, 3, 4,		199, 142, 164, 142, 158, 4, 1,		167, 323, 325, 323, 325, 5, 1,		51, 88, 112, 88, 112, 6, 2,		139, 112, 141, 112, 141, 7, 2,		61, 202, 226, 202, 226, 8, 2		
47, 319, 339, 319, 325, 1, 2,		193, 339, 370, 339, 370, 2, 4,		18, 319, 323, 319, 323, 3, 2,		196, 158, 186, 158, 186, 4, 4,		176, 327, 339, 327, 339, 5, 1,		53, 112, 120, 112, 120, 6, 1,		28, 141, 176, 141, 176, 7, 2,		178, 226, 251, 226, 251, 8, 2		
149, 323, 331, 325, 327, 1, 1,		128, 370, 423, 370, 423, 2, 2,		149, 323, 331, 323, 325, 3, 1,		136, 186, 214, 186, 214, 4, 4,		193, 339, 370, 339, 370, 5, 4,		105, 120, 192, 120, 141, 6, 1,		91, 176, 202, 176, 202, 7, 2,		16, 251, 272, 251, 272, 8, 2		
47, 319, 339, 327, 339, 1, 2,		43, 385, 437, 423, 437, 2, 1,		26, 325, 327, 325, 327, 3, 1,		89, 214, 287, 214, 287, 4, 4,		128, 370, 423, 370, 423, 5, 2,		28, 141, 176, 141, 176, 6, 2,		1, 192, 204, 202, 204, 7, 1,		78, 297, 301, 297, 301, 8, 2		
125, 339, 363, 339, 363, 1, 1,		29, 437, 445, 437, 445, 2, 1,		149, 323, 331, 327, 331, 3, 1,		135, 287, 319, 287, 319, 4, 4,		172, 423, 448, 423, 448, 5, 2,		105, 120, 192, 176, 192, 6, 1,		34, 204, 217, 204, 217, 7, 1,		8, 301, 317, 301, 317, 8, 1		
193, 339, 370, 363, 370, 1, 4,		30, 445, 449, 445, 448, 2, 1,		75, 331, 337, 331, 337, 3, 2,		145, 304, 331, 319, 331, 4, 1,		21, 448, 473, 448, 473, 5, 2,		1, 192, 204, 192, 202, 6, 1,		130, 217, 232, 217, 226, 7, 1,		25, 311, 321, 317, 321, 8, 1		
71, 371, 385, 371, 385, 1, 1,		21, 448, 473, 448, 473, 2, 2,		193, 339, 370, 339, 370, 3, 4,		75, 331, 337, 331, 337, 4, 2,		119, 473, 486, 473, 486, 5, 2,		61, 202, 226, 202, 226, 6, 2,		178, 226, 251, 226, 251, 7, 2,		55, 333, 341, 333, 341, 8, 1		
43, 385, 437, 385, 423, 1, 1,		119, 473, 486, 473, 486, 2, 2,		95, 370, 495, 370, 495, 3, 2,		24, 363, 369, 363, 369, 4, 1,		2, 486, 492, 486, 492, 5, 2,		130, 217, 232, 226, 232, 6, 1,		177, 250, 258, 251, 258, 7, 1,		48, 341, 355, 341, 355, 8, 1		
172, 423, 448, 423, 448, 1, 2,		65, 486, 490, 486, 490, 2, 1,		181, 492, 516, 495, 516, 3, 1,		95, 370, 495, 370, 495, 4, 2,		181, 492, 516, 492, 495, 5, 1,		42, 232, 242, 232, 242, 6, 1,		109, 258, 260, 258, 260, 7, 1,		173, 333, 357, 355, 357, 8, 2		
30, 445, 449, 448, 486, 1, 1,		2, 486, 492, 490, 492, 2, 2,		99, 527, 539, 527, 539, 3, 4,		38, 495, 527, 495, 527, 4, 4,		38, 495, 527, 495, 527, 5, 4,		74, 242, 250, 242, 250, 6, 1,		174, 272, 297, 272, 297, 7, 2,		27, 363, 381, 363, 381, 8, 2		
2, 486, 492, 486, 490, 1, 2,		38, 495, 527, 495, 527, 2, 4,		0, 539, 585, 539, 585, 3, 2,		99, 527, 539, 527, 539, 4, 4,		99, 527, 539, 527, 539, 5, 4,		16, 251, 272, 251, 272, 6, 2,		78, 297, 301, 297, 301, 7, 2,		69, 381, 397, 381, 389, 8, 1		
38, 495, 527, 495, 527, 1, 4,		144, 539, 679, 539, 585, 2, 2,		144, 539, 679, 585, 679, 3, 2,		0, 539, 585, 539, 585, 4, 2,		144, 539, 679, 539, 679, 5, 2,		174, 272, 297, 272, 297, 6, 2,		115, 301, 305, 301, 305, 7, 2,		200, 389, 403, 389, 403, 8, 1		
99, 527, 539, 527, 539, 1, 4,		117, 585, 613, 585, 589, 2, 2,		20, 679, 685, 679, 685, 3, 1,		45, 549, 589, 585, 589, 4, 1,		143, 666, 691, 679, 691, 5, 2,		115, 301, 305, 301, 305, 6, 2,		17, 305, 311, 305, 311, 7, 2,		146, 403, 417, 403, 417, 8, 1		
93, 539, 549, 539, 549, 1, 1,		127, 589, 593, 589, 593, 2, 1,		94, 691, 751, 691, 719, 3, 1,		117, 585, 613, 589, 613, 4, 2,		169, 691, 719, 691, 701, 5, 1,		17, 305, 311, 305, 311, 6, 2,		62, 311, 315, 311, 315, 7, 1,		97, 417, 431, 417, 431, 8, 2		
45, 549, 589, 549, 585, 1, 1,		63, 593, 597, 593, 597, 2, 1,		202, 715, 737, 719, 731, 3, 2,		170, 613, 641, 613, 641, 4, 2,		202, 715, 737, 715, 719, 5, 2,		25, 311, 321, 311, 317, 6, 1,		190, 317, 333, 317, 333, 7, 2,		54, 443, 453, 443, 453, 8, 2		
117, 585, 613, 585, 613, 1, 2,		113, 597, 621, 597, 613, 2, 1,		66, 731, 735, 731, 735, 3, 1,		185, 621, 701, 641, 701, 4, 1,		120, 719, 723, 719, 723, 5, 2,		190, 317, 333, 317, 333, 6, 2,		173, 333, 357, 333, 355, 7, 2,		116, 453, 514, 453, 514, 8, 2		
113, 597, 621, 613, 621, 1, 1,		170, 613, 641, 613, 641, 2, 2,		108, 723, 759, 735, 737, 3, 1,		169, 691, 719, 701, 719, 4, 1,		202, 715, 737, 723, 737, 5, 2,		173, 333, 357, 333, 357, 6, 2,		98, 355, 369, 355, 369, 7, 1,		131, 514, 520, 514, 520, 8, 1		
185, 621, 701, 621, 641, 1, 1,		60, 641, 651, 641, 651, 2, 2,		19, 737, 739, 737, 739, 3, 2,		94, 691, 751, 719, 751, 4, 1,		19, 737, 739, 737, 739, 5, 2,		68, 357, 363, 357, 363, 6, 1,		27, 363, 381, 369, 381, 7, 2,		58, 558, 560, 558, 560, 8, 2		
60, 641, 651, 641, 651, 1, 2,		203, 651, 662, 651, 662, 2, 2,		198, 739, 769, 739, 751, 3, 1,		108, 723, 759, 751, 759, 4, 1,		64, 739, 741, 739, 741, 5, 1,		27, 363, 381, 363, 369, 6, 2,		137, 381, 417, 381, 417, 7, 1,		35, 560, 562, 560, 562, 8, 1		
203, 651, 662, 651, 662, 1, 2,		12, 662, 666, 662, 666, 2, 1,		138, 763, 780, 763, 769, 3, 2,		101, 743, 779, 759, 779, 4, 1,		124, 741, 743, 741, 743, 5, 1,		49, 369, 389, 369, 389, 6, 1,		97, 417, 431, 417, 431, 7, 2,		110, 562, 576, 562, 576, 8, 2		
150, 662, 666, 662, 666, 1, 1,		143, 666, 691, 666, 691, 2, 2,		56, 769, 773, 769, 773, 3, 1,		92, 775, 793, 780, 793, 4, 2,		101, 743, 779, 743, 759, 5, 1,		69, 381, 397, 389, 397, 6, 1,		148, 431, 437, 431, 437, 7, 2,		201, 576, 587, 576, 587, 8, 2		
143, 666, 691, 666, 679, 1, 2,		4, 701, 707, 701, 707, 2, 1,		92, 775, 793, 775, 780, 3, 2,		142, 780, 798, 793, 798, 4, 2,		7, 753, 765, 759, 765, 5, 1,		148, 431, 437, 431, 437, 6, 2,		6, 437, 443, 437, 443, 7, 2,		88, 587, 618, 587, 618, 8, 2		
103, 679, 683, 679, 683, 1, 1,		191, 707, 715, 707, 715, 2, 1,		142, 780, 798, 780, 793, 3, 2,		168, 795, 810, 798, 810, 4, 1,		138, 763, 780, 765, 780, 5, 2,		6, 437, 443, 437, 443, 6, 2,		116, 453, 514, 453, 514, 7, 2,		87, 618, 630, 618, 630, 8, 2		
106, 686, 718, 686, 718, 1, 1,		202, 715, 737, 715, 719, 2, 2,		154, 793, 797, 793, 797, 3, 2,		15, 809, 812, 810, 812, 4, 2,		142, 780, 798, 780, 798, 5, 2,		54, 443, 453, 443, 453, 6, 2,		33, 514, 534, 514, 534, 7, 2,		151, 630, 650, 630, 650, 8, 2		
202, 715, 737, 719, 723, 1, 2,		120, 719, 723, 719, 723, 2, 2,		187, 798, 809, 798, 809, 3, 2,		129, 807, 814, 812, 814, 4, 1,		77, 797, 809, 798, 809, 5, 1,		33, 514, 534, 514, 534, 6, 2,		107, 534, 558, 534, 558, 7, 2,		22, 650, 658, 650, 658, 8, 2		
108, 723, 759, 723, 735, 1, 1,		156, 723, 727, 723, 727, 2, 1,		129, 807, 814, 810, 812, 3, 1,		141, 809, 818, 814, 818, 4, 1,		15, 809, 812, 809, 812, 5, 2,		107, 534, 558, 534, 558, 6, 2,		58, 558, 560, 558, 560, 7, 2,		80, 658, 666, 658, 666, 8, 2		
81, 735, 745, 735, 745, 1, 1,		183, 727, 731, 727, 731, 2, 1,		152, 812, 815, 812, 815, 3, 2,		3, 818, 820, 818, 820, 4, 2,		141, 809, 818, 812, 814, 5, 1,		32, 558, 560, 558, 560, 6, 1,		110, 562, 576, 562, 576, 7, 2,		188, 666, 670, 666, 670, 8, 1		
147, 745, 746, 745, 751, 1, 1,		202, 715, 737, 731, 737, 2, 2,		37, 814, 818, 815, 818, 3, 2,		52, 820, 823, 820, 823, 4, 2,		37, 814, 818, 815, 818, 5, 2,		118, 560, 602, 560, 602, 6, 1,		201, 576, 587, 576, 587, 7, 2,		194, 678, 686, 678, 686, 8, 2		
175, 751, 753, 751, 753, 1, 2,		108, 723, 759, 737, 751, 2, 1,		85, 818, 820, 818, 820, 3, 2,		0, 0, 0, 0, 0, 0, 0,			3, 818, 820, 818, 820, 5, 2,		88, 587, 618, 602, 618, 6, 2,		88, 587, 618, 587, 602, 7, 2,		0, 0, 0, 0, 0, 0, 0			
7, 753, 765, 753, 759, 1, 1,		198, 739, 769, 751, 769, 2, 1,		159, 821, 823, 822, 825, 3, 1,		0, 0, 0, 0, 0, 0, 0,			52, 820, 823, 820, 823, 5, 2,		87, 618, 630, 618, 630, 6, 2,		46, 602, 604, 602, 604, 7, 1,		0, 0, 0, 0, 0, 0, 0			
79, 753, 763, 759, 763, 1, 1,		138, 763, 780, 769, 779, 2, 2,		0, 0, 0, 0, 0, 0, 0,			0, 0, 0, 0, 0, 0, 0,			0, 0, 0, 0, 0, 0, 0,			151, 630, 650, 630, 650, 6, 2,		121, 604, 606, 604, 606, 7, 1,		0, 0, 0, 0, 0, 0, 0			
138, 763, 780, 763, 765, 1, 2,		92, 775, 793, 779, 793, 2, 2,		0, 0, 0, 0, 0, 0, 0,			0, 0, 0, 0, 0, 0, 0,			0, 0, 0, 0, 0, 0, 0,			22, 650, 658, 650, 658, 6, 2,		70, 606, 616, 606, 616, 7, 1,		0, 0, 0, 0, 0, 0, 0			
157, 765, 775, 765, 775, 1, 1,		50, 779, 795, 793, 795, 2, 1,		0, 0, 0, 0, 0, 0, 0,			0, 0, 0, 0, 0, 0, 0,			0, 0, 0, 0, 0, 0, 0,			80, 658, 666, 658, 666, 6, 2,		57, 616, 622, 616, 622, 7, 1,		0, 0, 0, 0, 0, 0, 0			
92, 775, 793, 775, 779, 1, 2,		154, 793, 797, 795, 797, 2, 2,		0, 0, 0, 0, 0, 0, 0,			0, 0, 0, 0, 0, 0, 0,			0, 0, 0, 0, 0, 0, 0,			160, 666, 678, 666, 678, 6, 2,		134, 622, 627, 622, 627, 7, 1,		0, 0, 0, 0, 0, 0, 0			
50, 779, 795, 779, 793, 1, 1,		82, 797, 807, 798, 807, 2, 1,		0, 0, 0, 0, 0, 0, 0,			0, 0, 0, 0, 0, 0, 0,			0, 0, 0, 0, 0, 0, 0,			194, 678, 686, 678, 686, 6, 2,		67, 658, 662, 658, 662, 7, 1,		0, 0, 0, 0, 0, 0, 0			
154, 793, 797, 793, 795, 1, 2,		129, 807, 814, 807, 810, 2, 1,		0, 0, 0, 0, 0, 0, 0,			0, 0, 0, 0, 0, 0, 0,			0, 0, 0, 0, 0, 0, 0,			0, 0, 0, 0, 0, 0, 0,			160, 666, 678, 666, 678, 7, 2,		0, 0, 0, 0, 0, 0, 0			
168, 795, 810, 795, 797, 1, 1,		158, 810, 814, 810, 812, 2, 1,		0, 0, 0, 0, 0, 0, 0,			0, 0, 0, 0, 0, 0, 0,			0, 0, 0, 0, 0, 0, 0,			0, 0, 0, 0, 0, 0, 0,			0, 0, 0, 0, 0, 0, 0,			0, 0, 0, 0, 0, 0, 0			
187, 798, 809, 798, 809, 1, 2,		152, 812, 815, 812, 814, 2, 2,		0, 0, 0, 0, 0, 0, 0,			0, 0, 0, 0, 0, 0, 0,			0, 0, 0, 0, 0, 0, 0,			0, 0, 0, 0, 0, 0, 0,			0, 0, 0, 0, 0, 0, 0,			0, 0, 0, 0, 0, 0, 0			
141, 809, 818, 809, 812, 1, 1,		114, 815, 818, 815, 818, 2, 2,		0, 0, 0, 0, 0, 0, 0,			0, 0, 0, 0, 0, 0, 0,			0, 0, 0, 0, 0, 0, 0,			0, 0, 0, 0, 0, 0, 0,			0, 0, 0, 0, 0, 0, 0,			0, 0, 0, 0, 0, 0, 0			
158, 810, 814, 812, 814, 1, 1,		163, 818, 821, 818, 820, 2, 1,		0, 0, 0, 0, 0, 0, 0,			0, 0, 0, 0, 0, 0, 0,			0, 0, 0, 0, 0, 0, 0,			0, 0, 0, 0, 0, 0, 0,			0, 0, 0, 0, 0, 0, 0,			0, 0, 0, 0, 0, 0, 0			
114, 815, 818, 815, 818, 1, 2,		192, 822, 824, 822, 825, 2, 1,		0, 0, 0, 0, 0, 0, 0,			0, 0, 0, 0, 0, 0, 0,			0, 0, 0, 0, 0, 0, 0,			0, 0, 0, 0, 0, 0, 0,			0, 0, 0, 0, 0, 0, 0,			0, 0, 0, 0, 0, 0, 0			
85, 818, 820, 818, 820, 1, 2,		0, 0, 0, 0, 0, 0, 0,			0, 0, 0, 0, 0, 0, 0,			0, 0, 0, 0, 0, 0, 0,			0, 0, 0, 0, 0, 0, 0,			0, 0, 0, 0, 0, 0, 0,			0, 0, 0, 0, 0, 0, 0,			0, 0, 0, 0, 0, 0, 0			
159, 821, 823, 821, 825, 1, 1,		0, 0, 0, 0, 0, 0, 0,			0, 0, 0, 0, 0, 0, 0,			0, 0, 0, 0, 0, 0, 0,			0, 0, 0, 0, 0, 0, 0,			0, 0, 0, 0, 0, 0, 0,			0, 0, 0, 0, 0, 0, 0,			0, 0, 0, 0, 0, 0, 0			
0, 0, 0, 0, 0, 0, 0,			0, 0, 0, 0, 0, 0, 0,			0, 0, 0, 0, 0, 0, 0,			0, 0, 0, 0, 0, 0, 0,			0, 0, 0, 0, 0, 0, 0,			0, 0, 0, 0, 0, 0, 0,			0, 0, 0, 0, 0, 0, 0,			0, 0, 0, 0, 0, 0, 0			
0, 0, 0, 0, 0, 0, 0,			0, 0, 0, 0, 0, 0, 0,			0, 0, 0, 0, 0, 0, 0,			0, 0, 0, 0, 0, 0, 0,			0, 0, 0, 0, 0, 0, 0,			0, 0, 0, 0, 0, 0, 0,			0, 0, 0, 0, 0, 0, 0,			0, 0, 0, 0, 0, 0, 0			
0, 0, 0, 0, 0, 0, 0,			0, 0, 0, 0, 0, 0, 0,			0, 0, 0, 0, 0, 0, 0,			0, 0, 0, 0, 0, 0, 0,			0, 0, 0, 0, 0, 0, 0,			0, 0, 0, 0, 0, 0, 0,			0, 0, 0, 0, 0, 0, 0,			0, 0, 0, 0, 0, 0, 0			
0, 0, 0, 0, 0, 0, 0,			0, 0, 0, 0, 0, 0, 0,			0, 0, 0, 0, 0, 0, 0,			0, 0, 0, 0, 0, 0, 0,			0, 0, 0, 0, 0, 0, 0,			0, 0, 0, 0, 0, 0, 0,			0, 0, 0, 0, 0, 0, 0,			0, 0, 0, 0, 0, 0, 0			
0, 0, 0, 0, 0, 0, 0,			0, 0, 0, 0, 0, 0, 0,			0, 0, 0, 0, 0, 0, 0,			0, 0, 0, 0, 0, 0, 0,			0, 0, 0, 0, 0, 0, 0,			0, 0, 0, 0, 0, 0, 0,			0, 0, 0, 0, 0, 0, 0,			0, 0, 0, 0, 0, 0, 0			
0, 0, 0, 0, 0, 0, 0,			0, 0, 0, 0, 0, 0, 0,			0, 0, 0, 0, 0, 0, 0,			0, 0, 0, 0, 0, 0, 0,			0, 0, 0, 0, 0, 0, 0,			0, 0, 0, 0, 0, 0, 0,			0, 0, 0, 0, 0, 0, 0,			0, 0, 0, 0, 0, 0, 0			
0, 0, 0, 0, 0, 0, 0,			0, 0, 0, 0, 0, 0, 0,			0, 0, 0, 0, 0, 0, 0,			0, 0, 0, 0, 0, 0, 0,			0, 0, 0, 0, 0, 0, 0,			0, 0, 0, 0, 0, 0, 0,			0, 0, 0, 0, 0, 0, 0,			0, 0, 0, 0, 0, 0, 0			
0, 0, 0, 0, 0, 0, 0,			0, 0, 0, 0, 0, 0, 0,			0, 0, 0, 0, 0, 0, 0,			0, 0, 0, 0, 0, 0, 0,			0, 0, 0, 0, 0, 0, 0,			0, 0, 0, 0, 0, 0, 0,			0, 0, 0, 0, 0, 0, 0,			0, 0, 0, 0, 0, 0, 0			
0, 0, 0, 0, 0, 0, 0,			0, 0, 0, 0, 0, 0, 0,			0, 0, 0, 0, 0, 0, 0,			0, 0, 0, 0, 0, 0, 0,			0, 0, 0, 0, 0, 0, 0,			0, 0, 0, 0, 0, 0, 0,			0, 0, 0, 0, 0, 0, 0,			0, 0, 0, 0, 0, 0, 0			
0, 0, 0, 0, 0, 0, 0,			0, 0, 0, 0, 0, 0, 0,			0, 0, 0, 0, 0, 0, 0,			0, 0, 0, 0, 0, 0, 0,			0, 0, 0, 0, 0, 0, 0,			0, 0, 0, 0, 0, 0, 0,			0, 0, 0, 0, 0, 0, 0,			0, 0, 0, 0, 0, 0, 0			
0, 0, 0, 0, 0, 0, 0,			0, 0, 0, 0, 0, 0, 0,			0, 0, 0, 0, 0, 0, 0,			0, 0, 0, 0, 0, 0, 0,			0, 0, 0, 0, 0, 0, 0,			0, 0, 0, 0, 0, 0, 0,			0, 0, 0, 0, 0, 0, 0,			0, 0, 0, 0, 0, 0, 0			
0, 0, 0, 0, 0, 0, 0,			0, 0, 0, 0, 0, 0, 0,			0, 0, 0, 0, 0, 0, 0,			0, 0, 0, 0, 0, 0, 0,			0, 0, 0, 0, 0, 0, 0,			0, 0, 0, 0, 0, 0, 0,			0, 0, 0, 0, 0, 0, 0,			0, 0, 0, 0, 0, 0, 0			
0, 0, 0, 0, 0, 0, 0,			0, 0, 0, 0, 0, 0, 0,			0, 0, 0, 0, 0, 0, 0,			0, 0, 0, 0, 0, 0, 0,			0, 0, 0, 0, 0, 0, 0,			0, 0, 0, 0, 0, 0, 0,			0, 0, 0, 0, 0, 0, 0,			0, 0, 0, 0, 0, 0, 0			
0, 0, 0, 0, 0, 0, 0,			0, 0, 0, 0, 0, 0, 0,			0, 0, 0, 0, 0, 0, 0,			0, 0, 0, 0, 0, 0, 0,			0, 0, 0, 0, 0, 0, 0,			0, 0, 0, 0, 0, 0, 0,			0, 0, 0, 0, 0, 0, 0,			0, 0, 0, 0, 0, 0, 0			
0, 0, 0, 0, 0, 0, 0,			0, 0, 0, 0, 0, 0, 0,			0, 0, 0, 0, 0, 0, 0,			0, 0, 0, 0, 0, 0, 0,			0, 0, 0, 0, 0, 0, 0,			0, 0, 0, 0, 0, 0, 0,			0, 0, 0, 0, 0, 0, 0,			0, 0, 0, 0, 0, 0, 0			
0, 0, 0, 0, 0, 0, 0,			0, 0, 0, 0, 0, 0, 0,			0, 0, 0, 0, 0, 0, 0,			0, 0, 0, 0, 0, 0, 0,			0, 0, 0, 0, 0, 0, 0,			0, 0, 0, 0, 0, 0, 0,			0, 0, 0, 0, 0, 0, 0,			0, 0, 0, 0, 0, 0, 0			
